78136
460251
78151
334196
78043
1403617
78003
78261
331858
78929
78226
78059
78054
78051
78786
78099
78835
1455
78331
989
78153
78779
78068
333669
78179
78140
78207
78199
78045
78328
78328
828
78091
45603
900979
78116
78135
78171
78277
246912
78538
78321
78077
78196
78290
78263
472683
78203
360320
78097
78312
601967
78361
78112
644393
247560
78332
249026
78024
249294
364843
78221
78785
354132
246513
615145
78223
487018
332592
78074
364472
247427
78408
78180
433075
78438
78182
808782
78049
79002
78114
78042
78238
78254
349960
74993
78089
245898
78186
334016
246318
1254518
78204
934884
331754
249304
503935
245974
78150
354095
331782
1032
474881
78320
78033
443343
78152
78400
78169
1189238
419739
247597
78795
78948
78355
669016
331818
78412
246630
78434
661584
1219497
78364
78160
78237
1246072
461789
78044
1329831
78010
331913
331831
247002
357018
247288
247533
245917
652874
78347
1226834
78391
332441
349969
1320108
1279023
334088
563330
78250
78316
1205601
664100
329440
331947
246610
349236
466955
361541
610034
248868
356698
461757
361604
78741
77078
78793
519860
553354
1357022
74933
1373
257074
333360
246032
598222
346563
78503
1223535
540229
332347
333819
75312
740
311546
333886
359868
644089
78721
79138
331753
1139695
331957
1009
1247131
78050
329386
78019
356117
247356
78768
454031
331769
332084
1205852
631041
1333354
246071
349955
78757
1251833
1364981
1364981
541572
332232
1333311
352896
248688
1333357
334392
1377482
78475
568187
540706
78205
333647
78291
332547
413512
334075
447589
359618
78127
78798
1254336
79045
245912
78090
1333358
78932
1138043
352068
623254
331833
78813
366864
247074
349753
78072
446288
331038
257341
577649
78420
257194
333915
334255
78520
332703
1134823
332022
548404
333775
331752
245861
73582
78820
529212
247235
616868
78735
364334
939608
246914
78323
417168
463183
525925
63386
332038
418918
61789
929083
334770
660705
666635
332139
332192
515057
1223808
331751
333951
78351
829130
352725
357996
424589
650122
332116
417000
1226773
1138907
499569
333575
333898
1228968
333438
1134314
247289
510521
1260943
331844
574141
334970
538477
479455
332720
332598
354153
518336
420135
566754
334296
333963
1227342
412560
566754
667739
1260943
1134314
247289
510521
333438
538477
479455
421707
334120
331844
78292
334381
599753
1380632
574141
1384629
326465
651881
551537
334970
334295
473897
455523
1389962
478099
249036
331762
246953
1384629
651881
326465
334295
478099
249036
551537
805
247157
351206
257256
660644
332620
922317
332831
644390
461346
561646
593411
352973
532248
351627
903208
614556
594727
78256
332113
342583
78555
332346
332404
78847
548594
346844
576522
599064
442380
359952
1203157
78675
334140
78088
78139
249032
78311
354138
419343
352563
334275
9458
72743
656722
332130
604418
248931
332316
352803
78784
351207
615763
332309
249032
78139
78088
1203157
359443
78675
257170
360482
78756
1278763
331981
924152
79025
332027
78378
468022
329662
584231
331758
351202
588525
468022
331787
523643
356866
910969
1205144
657196
73593
358847
813405
509472
332012
1377606
364010
331828
248412
573360
564899
1377500
332112
467921
78058
257266
356418
1255923
441787
354658
78284
245890
486924
537468
357256
825376
78287
351499
613058
919339
566496
247233
651632
333881
247279
435778
247793
246515
257222
1377561
331914
332288
49421
1421476
488644
334182
248673
78758
356337
333978
356367
447434
949708
78836
332351
78027
463653
334321
75115
331834
533313
289674
78494
78280
78073
331979
491898
257215
331868
1384624
332440
412674
1203883
333591
464279
940759
660552
541585
593164
809770
1453676
1242342
1377618
357203
447810
365626
246996
78354
257185
618487
332098
331760
506667
78192
331836
78117
78369
332555
246204
78188
1226741
534443
1242342
78313
331808
334095
331779
349896
333868
413558
815793
1238985
78188
554740
332698
78354
332098
246996
257185
618487
1139478
78192
331836
331895
506667
331760
78117
332555
78369
920771
331895
534443
349914
247762
433980
554740
78873
333638
822272
333437
485028
1377503
78101
1377517
1424084
331840
248473
567619
937968
1377487
78318
325357
490555
1226259
420978
247275
74335
1468672
1242287
1187569
1409508
332398
246482
615408
349472
468392
939241
665421
246928
613428
75606
515584
331917
78305
79153
331924
333726
332011
331814
71680
332011
534580
333809
75606
1227151
468392
665421
248600
613428
515584
332398
1142495
1409508
1468672
246482
334108
331917
939241
349472
615408
333156
1189037
475018
332452
485487
332692
78061
331814
71680
349895
524922
1362908
257217
551513
333204
351215
349915
512548
331765
836529
340986
1364691
333698
805079
474235
594834
333704
330004
331890
247601
4055
1965
248213
1431193
284
1300668
22981
341138
1515202
1503038
94
278
1402567
429
78226
894008
1511689
1212492
346331
1455817
35737
1466190
114
1251281
1384855
1446134
246388
1250700
1489873
502
247784
1455631
1216383
1385736
1351512
1501846
1278409
592
240297
1474261
1298429
1276254
1335230
50
71946
341195
1433792
246333
336868
15685
1500677
1435730
1500539
1300298
1174518
1329132
342067
1048
76365
1506694
1279458
1217402
52550
247713
1251955
78059
1439096
1211014
1199751
344258
1357206
521
78054
11536
247566
343873
78051
149
78786
343049
1236599
1229799
341535
122704
246019
1308442
1238846
1207959
78589
215882
1278598
257714
1302980
1226046
15694
2355
1455304
1321973
78099
1145428
78888
364
1229786
1285380
1203437
1382936
344649
40369
13645
78336
1502960
1397751
513575
1302835
528375
1503166
246124
1445468
27561
1514745
1355918
1514745
1360088
1475131
247294
1457972
1421977
78835
345216
1301949
246363
771
1417984
456826
1207254
37150
1194412
9025
1227611
245980
249013
229134
585
1490532
78488
6641
409801
789
1432916
471
1217041
49216
1469503
349452
1038
18372
25422
1418965
1504380
1240838
1517820
1201699
1218595
1515102
335
1357865
341152
1478946
1205508
1455
1290
1455594
880237
1358119
4435
344248
1310222
1328843
1302201
341284
1459754
341284
1463524
78540
342176
1492590
15
248566
1499465
35949
1300296
1324487
1215599
1239844
1258063
410612
1250
213138
226344
341749
597537
78607
345023
396
1336701
443387
1197417
247731
78909
1236263
13824
917
1423417
1300146
78536
75090
995
1395420
524
1337006
338365
1285582
1393881
49
1413405
1364137
1298876
1283276
461076
345106
246581
1221
1320333
257594
5357
30799
13376
38286
1197498
248608
1501763
248933
343012
1298349
1432808
1375543
78425
344328
1516739
1331540
78826
345991
1249366
341204
78910
1217443
1244875
360101
6975
78480
1385562
1512792
340842
78331
1284502
1490212
1323
1225557
1432926
1334323
246078
405
1437441
340946
249894
1398813
525889
1309249
341173
992
989
489338
1338498
1396246
1212559
312974
346297
482112
78637
1499161
1165777
1492065
1382900
1480522
78792
8166
1216446
1218215
870
78478
625
1375
1456737
780
78153
19273
1199011
1424022
1415055
2640
342598
1228771
1355662
1207237
503342
346103
1490959
1255080
968
78619
247259
1483129
14583
247822
1356218
1261245
1291138
646
1001
1412992
1412992
1287590
51464
246970
334722
10545
1491863
345064
430
1228776
1308844
343270
670240
488
1428033
1464388
672279
2039
1308364
1207337
345810
1340449
78421
277518
78997
338451
67517
1338491
78563
346740
12032
3787
346740
1366118
1233255
599
15474
78464
42903
1230
15645
1298050
1502534
78068
341213
1463565
78525
1514005
1514016
946
15396
562191
1299073
1211727
1259816
7862
1506253
341502
1226772
16032
644174
338380
1212303
1211345
209
1222078
1435147
343905
1048263
1452520
1223
1478263
78613
1303
1301309
2524
8555
1456735
126981
1208942
1463521
496952
1331267
1200984
1242151
5653
338443
1207373
345862
2385
333669
1242510
50296
1285891
1206710
1398580
338346
30932
247839
246177
8562
219
338412
1217125
1351501
18843
1365306
1396308
346189
1318977
1257417
1455259
1325487
1319818
1505569
1188324
1198179
17099
162
533611
655790
248683
5629
78179
1245245
78140
248677
1500753
1013543
345006
14578
837
1355429
344422
1453899
496435
698
18619
1393854
1218727
1369676
343526
342901
1502838
1288063
1303049
246357
3740
1136547
338387
248616
338387
341220
1482256
1370418
304
346096
2972
1476225
1491059
528501
338349
26254
78207
1204714
6266
1413255
533668
61
246596
334745
1451739
1294558
3520
407
1458044
1359726
7874
257609
1342846
1163219
248351
1301856
1396171
38064
1261446
1331256
1439147
247185
831
1238862
733
493
1443659
35659
287567
1225503
1259823
1597
341516
1207687
346629
1325525
5809
1514018
1320415
785
246951
257403
1203554
1320415
1258163
1427027
60041
727
238064
15480
1183619
1298952
3667
1301816
1418942
77
35830
213308
7707
247899
344902
669
247373
1366642
247658
30069
1378057
1372606
20568
300836
1379
6289
248812
300836
1379
1249
246222
78395
1469695
474310
71870
53760
451
78915
5417
481754
414997
227862
1200978
1467434
78199
874
248835
1198194
9426
1310437
78618
1491083
72604
1142003
1403540
78356
1203575
5858
1491440
1394753
1514316
1230199
78045
637244
1045
1464173
222592
1200654
78328
227710
215228
1218253
1242431
1321938
1229768
246369
230473
362780
1487196
180
338351
1385822
1343888
78487
7429
1421795
70976
1353220
1421795
246437
1210950
237
434
257739
1258670
1298561
346008
1199007
1366179
120028
1207271
1370725
341221
18109
1216365
828
248123
37749
1466094
275462
60121
78857
1430380
208033
1199124
1487078
78490
338493
645793
399
9404
33416
1263235
341120
672175
344898
1299263
4867
78091
2179
35834
257579
1381898
128
553408
1214719
51899
342146
45603
401
345755
1227956
59653
337621
1225578
1443455
22772
7290
1300115
11003
1516918
2796
1302188
1206962
1461255
546376
685
444598
342791
1279
8080
1430577
175
900979
228628
246261
1301444
1666
1454203
76392
1208
308316
1490020
1501173
249875
1217650
4074
1501173
4074
1208
1299176
1356762
78392
341604
1371295
122645
78116
344183
1204622
782
115149
1240159
611785
221206
60792
1468266
78135
1547
20597
342858
246510
6657
1167673
78171
1368974
1475123
207
1167673
1505864
907
719872
1490044
1190351
337443
78702
1445209
1303100
1277751
1229308
1229702
1219776
78674
341375
15568
212
1394172
1251043
1416616
246001
105
345419
507792
1198674
1219837
1487896
28479
78606
1575
1428473
35828
1385972
1261678
1362966
605
1227766
248935
1433394
78617
1446250
38080
1370283
27
1489992
1423154
246022
1281416
862700
1225363
342345
1038159
1254277
247948
4430
1302114
78277
1245
1462687
1475148
1302235
637
14652
1309327
2124
18788
346511
1297875
450151
1199621
247723
78414
670
1203120
1217563
1229843
35829
33933
257563
248639
13219
1377834
58434
248649
368228
246912
1462629
1254497
1200265
1200265
46886
905
42961
1471299
1491513
1414027
78538
1431670
346625
13205
35832
1451936
1461204
1247272
1370159
1382316
78321
1288277
1506072
8799
7431
78077
1336409
1449681
13664
346650
1198977
590
1336027
798080
859487
1377600
931180
841386
817269
899229
930572
852970
854993
494454
823111
247725
1212472
341569
113
1492125
1424315
1354374
1216044
1226763
1321647
205794
13017
1300248
14783
246093
263
1246998
1284955
78196
1486855
1237938
1297927
834
1300764
15515
1243792
1203673
3069
1324
1205939
824140
823738
825938
940957
803210
1179835
685546
814349
826922
943438
941763
895985
863399
333891
957386
820627
815516
928663
932074
955545
827224
943006
853344
929644
817532
926857
822810
928137
825758
334207
827439
835030
1193770
1377536
868860
800114
821343
895907
822906
791073
930646
799483
920148
818345
929166
766029
910651
828717
826261
944961
922726
927688
821091
933312
330941
934431
923902
926433
931238
935117
805028
848840
812510
884110
814572
928972
923681
932399
803003
914252
1500285
830225
816662
839155
823436
497623
1377559
920705
921009
811390
822131
915517
806839
923308
927155
1268484
832552
943192
931546
931265
927576
1357422
1377580
1364995
806082
329601
826542
349920
330424
1240798
837197
543353
332826
545187
811346
332866
795395
499294
443436
366434
246950
1204884
429547
1303319
643804
1138086
483953
834918
605120
1227554
330678
428780
806386
332417
490662
603383
613164
578904
796245
614986
814402
333124
1431224
1367262
864280
564639
352508
792623
366521
1483485
333396
550350
536453
358112
533847
1135919
439974
591721
760096
1133404
1134298
543468
577776
333178
360837
662733
1254381
1294868
257227
1294745
487501
1464516
333991
612257
633605
334001
1189176
420338
332412
811764
826909
1495512
332253
415792
1224223
562822
1216253
607396
440707
333062
332091
943656
613836
332665
585775
447560
846750
362017
358456
538052
631323
474217
432930
473383
547101
627706
1045296
320898
257163
930870
334033
1435774
1142609
781567
354189
585180
1143525
331528
506987
927556
414964
633439
1256237
519101
366942
579548
1426523
1421509
