78341
78512
78410
78611
446514
78115
357802
158
78379
6823
78515
78625
246966
245874
78336
245980
78488
78540
78826
78910
78792
78478
78997
78613
533611
248677
1294558
334745
78395
78915
78356
246437
78487
78857
645793
246022
247723
1247272
78449
78435
78427
249014
334592
334891
249028
635303
1216248
78222
246016
78519
248418
503031
245931
494660
79239
1187565
246069
248926
588825
79214
335059
78939
1302251
15795
78657
246613
1445501
659847
1426288
575373
78541
600272
665492
78479
78689
78264
518397
245853
78980
360400
1188602
78514
246106
331872
469256
78522
245911
426120
78426
78623
245973
245993
334577
248780
246852
354498
79137
247013
349394
336193
78481
245885
568511
658519
76243
245887
913556
245897
79196
634882
334754
78456
1377406
565705
78844
1377327
331934
1358323
334597
247000
247000
79040
341606
334579
562288
410952
457140
336603
642694
78852
539776
611494
78367
358894
521506
78628
246217
249007
436348
411267
245881
1215866
365473
247904
245984
78691
245935
531518
247947
247789
247789
531518
1133370
335852
245990
360415
607993
335630
247743
1256629
335400
335673
639559
640790
246165
246009
615881
246254
359338
78510
334730
76903
352646
334958
349398
624743
417397
334852
246090
257390
246046
1224071
631058
1216247
78431
12512
335107
1220866
334707
79023
78695
354024
354161
79233
555060
334685
1369053
247823
671528
617153
615040
334917
820836
356968
1321814
79125
342397
601116
245940
819898
840463
246068
364852
335159
246097
245940
422384
611684
1256240
363825
621341
1242377
642700
334744
246820
246355
353784
336629
245956
79104
549630
344713
482082
575699
245856
1323160
436581
496203
1294384
477390
1294384
78943
1415192
78442
246039
1144726
1204201
649496
445861
1377401
1228518
796923
1795
334692
610690
631937
246476
334670
78452
602384
360677
1377459
542550
247232
514308
79235
432694
636654
349876
335118
78704
334680
78172
338011
608823
247748
1242385
428996
247664
1377209
349826
354679
1174143
620046
342063
335871
1223743
78441
334635
78896
364626
354175
78333
599863
335484
349416
557838
359339
359339
671119
245883
352453
246904
1430245
247193
334777
349409
594154
332904
556171
474444
246029
1474833
438706
1152034
919152
457638
418219
246933
830385
468175
1176724
430823
412530
246136
336037
334600
248952
919891
334902
1227628
816890
608877
248384
355909
579172
821477
246947
356848
359030
772675
351628
334679
597730
335568
248304
355480
334912
359030
356848
579172
246947
821477
641500
482546
335568
246530
1207211
335458
334912
352127
257517
365233
336636
246029
457638
474444
359391
1333013
248384
75437
337002
335301
666
354565
248445
1135715
346033
346033
335301
907935
666
354565
248445
497916
1294447
360020
527868
1377330
248106
461912
335086
246040
78471
522261
449133
472750
1133396
566661
554008
366217
830458
337958
594489
540015
526028
838681
1225805
1176222
421257
459850
245850
611928
332667
929799
872000
335087
460090
349571
477303
334606
416279
257442
66927
412333
477303
1176222
352162
465200
349522
1226928
920655
354072
66927
246176
246036
336459
349791
836706
334977
587554
530800
334601
248869
332505
349404
486736
1212896
929919
78667
940064
1141408
412333
1220299
524155
349791
913254
530800
343585
257400
334601
245998
247142
247375
587554
331811
421833
78667
78724
246278
343841
940064
1141408
349803
1254477
366288
78706
1175549
334746
334779
264152
570143
78783
454565
245994
78588
247489
257315
1294560
354825
247164
841353
1367874
78841
576061
666139
78895
78583
334608
349582
1223869
486094
1134128
245882
79039
573363
1175844
459171
555331
527584
257505
1141245
358122
334999
1174612
257233
569528
335818
248742
523233
1139900
349783
854712
582537
822265
331899
1167805
528036
848908
1371249
356434
247078
1207338
651134
335910
477395
335250
334819
337883
420666
447899
362918
439422
620201
366721
335238
1168270
1323895
908704
332115
580229
356387
367384
246180
249189
332142
1333881
474873
341121
833785
334819
362918
569528
246212
908704
356387
246209
1438606
1405790
580229
566852
364333
332115
246062
78236
458620
331990
518679
248448
367384
480063
557788
1227788
655834
639250
639250
257393
246266
335722
349844
412337
354125
578186
248270
335165
335171
818131
532417
1302728
583940
335017
1223948
414479
349490
78454
1156300
1279409
364413
358736
641025
1242281
1188997
559652
611664
452534
358725
249275
1333197
1248277
246296
548553
1333812
246612
336140
246208
465819
247314
335230
621236
341075
333984
246098
246096
917784
522943
335639
1256929
248272
334906
830470
552965
246193
1198852
246010
1138321
331781
1138321
79152
246010
335723
246481
248986
340961
569229
335985
637296
1377216
1294518
248685
1421329
78903
620255
334910
658045
549653
830959
1448409
1163373
349868
78868
844502
658045
1255821
454580
334848
832118
578271
1199636
922034
649360
247557
332062
1384409
1377394
471128
433357
334910
446435
329807
334729
335129
393888
79157
592345
249344
535544
627844
610262
246724
341970
334836
354157
832118
335129
578271
1384409
1377394
549653
649360
247557
332062
830959
1448409
471128
334729
651895
1215170
336198
520525
420920
352974
352901
246632
1382814
335219
358588
248638
335934
352901
352144
335738
331798
334728
438562
1447212
1257655
246117
471098
508934
356803
413028
359346
1421695
507243
334664
335921
248572
247984
78950
491124
1158120
1462055
897895
248940
1355918
1475131
1360088
1421977
247294
1457972
78835
345216
1301949
771
246363
456826
1417984
1207254
37150
1194412
9025
249013
1227611
245980
78488
229134
585
1490532
789
6641
409801
1432916
1217041
1217041
49216
1469503
349452
1038
18372
25422
1418965
1504380
1240838
1517820
1201699
1218595
1515102
335
1357865
341152
1478946
1205508
1455
1290
1455594
880237
1358119
4435
344248
1310222
1328843
1302201
341284
1210830
1459754
1463524
341284
342176
1492590
248566
15
1499465
35949
1239844
1215599
1258063
1324487
1250
1300296
213138
410612
226344
597537
341749
1336701
345023
78607
396
443387
247731
78909
1197417
1236263
13824
1300146
917
1423417
78536
75090
995
1395420
1337006
524
338365
1285582
49
1364137
1393881
1298876
1413405
461076
1283276
345106
5357
257594
246581
1221
1320333
38286
30799
13376
248608
1197498
1501763
248933
343012
1298349
1432808
1375543
78425
344328
1516739
1331540
78826
345991
1249366
341204
78910
1217443
1244875
360101
6975
78480
1385562
1512792
340842
78331
1284502
1490212
1323
1225557
1432926
1334323
405
1334323
1437441
249894
340946
1398813
525889
1309249
341173
992
989
489338
1212559
1338498
1396246
482112
346297
312974
78637
1499161
1382900
1480522
78792
1492065
1165777
8166
1216446
1218215
78478
870
907317
1412992
51464
78779
334722
10545
1491863
246970
345064
1228776
430
1308844
343270
670240
488
1428033
1464388
672279
2039
1308364
1207337
1340449
78421
345810
277518
338451
78997
67517
1338491
78563
1233255
12032
346740
599
1250690
3787
1366118
15474
78464
42903
1230
1502534
1298050
15645
78068
341213
78525
1463565
1514016
1514005
562191
946
15396
1299073
1259816
1211727
16032
1226772
7862
341502
1506253
644174
338380
1212303
1211345
209
1222078
1435147
343905
1048263
1452520
1223
1478263
78613
1303
1301309
2524
8555
1456735
126981
1208942
1463521
496952
1331267
1200984
1242151
5653
338443
1207373
345862
2385
1242510
333669
50296
338346
1206710
1285891
1398580
30932
246177
247839
8562
1351501
219
338412
1217125
18843
1365306
1396308
346189
1318977
1257417
1455259
1325487
1198179
1188324
17099
1505569
1319818
533611
5629
655790
162
248683
78179
1245245
1013543
1500753
345006
14578
78140
248677
1453899
837
344422
1355429
496435
1393854
246357
18619
698
343526
1303049
342901
1218727
1369676
3740
1502838
1288063
1136547
343208
338387
1482256
343208
248616
1370418
304
346096
1476225
2972
1491059
528501
26254
338349
78207
1204714
533668
246596
6266
1413255
61
1294558
407
3520
334745
1451739
1163219
1342846
1458044
7874
1359726
1163219
248351
1301856
1396171
38064
1261446
1331256
1439147
247185
831
1238862
733
493
1443659
35659
287567
1225503
1259823
1597
341516
1207687
346629
1325525
5809
1514018
1320415
785
246951
257403
1203554
1427027
1258163
4587
60041
1298952
15480
1183619
727
238064
3667
1301816
1418942
77
35830
213308
7707
1378057
1372606
247373
247899
669
1366642
247658
344902
30069
20568
300836
248812
1379
6289
865577
903668
1353220
7429
78487
1210950
237
434
1298561
257739
1258670
1199007
1366179
346008
1207271
120028
1370725
341221
18109
1216365
828
275462
248123
1430380
78857
1466094
37749
60121
1487078
208033
78490
1199124
338493
9404
33416
645793
399
341120
672175
4867
257579
2179
1263235
344898
128
1381898
35834
553408
1299263
78091
45603
342146
51899
1214719
401
345755
1225578
59653
337621
1227956
22772
1443455
852648
320
4074
1208
1299176
78392
1371295
341604
115149
78116
611785
1356762
1240159
344183
1204622
782
122645
1468266
221206
78135
60792
342858
246510
1368974
1547
6657
78171
20597
1432720
1475123
1167673
207
1505864
1229308
907
719872
1277751
1490044
1303100
1190351
337443
78702
1445209
212
1219776
78674
341375
1394172
1251043
15568
1229702
1487896
1416616
78606
28479
1198674
105
1219837
246001
507792
345419
1362966
1261678
1446250
1227766
605
1385972
1428473
78617
35828
1575
1433394
248935
1370283
246022
1489992
27
1423154
1281416
38080
862700
1225363
342345
4430
1302114
1462687
78277
1038159
247948
1254277
1302235
1245
1475148
2124
1203120
637
14652
78414
670
247723
1297875
346511
1217563
1309327
18788
1199621
450151
1229843
35829
33933
257563
1377834
58434
248639
248649
13219
368228
246912
1462629
1251132
1254497
848427
2569
1284164
60448
53
4739
1336027
1519199
1324558
1322799
1170241
341515
1242130
1485072
1198813
1239976
220
247083
247725
1229697
1354374
1216044
20131
1241385
1492125
1212472
341569
24520
15755
1132316
3453
113
1501625
1388739
441585
10211
21911
341897
1424315
246093
1297927
263
13017
1300248
1237938
78196
1486855
1284955
14783
1246998
205794
1321647
1226763
1300764
834
1203673
1205939
1243792
15515
1393514
1466131
15515
1324
3069
1466131
1439125
293426
1490086
1297980
78290
17
1383416
1156890
1416590
1413830
238579
1515448
1225
1494533
438450
22
786
1279988
1208301
1371
632158
222738
11305
247301
1170287
246575
850085
851045
822015
825608
858482
257515
830992
917306
834383
834021
922266
922412
1163406
817330
957284
828668
908932
894356
852271
831466
1178583
850886
846661
903918
852607
336401
936493
917021
917022
917512
915986
336485
905888
825215
335823
839650
914989
912959
932639
910522
855684
917939
840794
836980
904374
848938
842053
870997
843690
839719
914844
819974
847872
832888
1193604
1044854
1044577
906953
849511
882297
921841
910162
804018
851715
857157
856185
913428
919240
915682
890590
897676
845280
839059
834842
1045160
798082
857042
910042
829971
914841
826000
333014
845152
841142
1178566
923854
843688
864183
829764
869061
919177
908343
915556
837169
917852
954934
947496
857966
935082
839461
336467
1377390
1377410
916246
837495
913633
827147
925970
817318
827726
837121
821303
844536
847408
821095
949697
841257
912957
1044594
919291
895295
831982
921370
835409
847244
834721
838611
840201
822806
834082
922727
1178233
826622
847196
846657
880123
846681
831869
870003
935686
1045088
910698
852463
851332
894802
922547
915622
1179881
843266
