246260
343975
246211
78605
78405
78429
246024
246210
246505
1203207
78602
248699
247737
78592
78684
246199
248944
79232
248213
343049
78589
246363
249013
78607
75090
246581
248608
78425
346297
78619
78464
78525
247839
246357
1476225
246951
78618
246369
337621
78392
78702
78674
78606
246001
78617
862700
257563
905
341569
249141
246316
246088
78723
644450
1293856
248169
546247
246015
784
625122
388916
1332
336914
337032
341364
581201
78289
248755
387932
1224595
246844
1173826
544995
247433
247852
860436
1287
246371
342254
246020
344013
78348
247693
247012
338503
246479
342272
246178
78761
246332
246332
246290
1226463
247362
246179
246255
246081
335139
245987
78601
1196960
1176288
336755
249012
247562
1285734
78646
574761
340979
861229
246354
248247
612343
344687
248753
248994
505708
78279
341064
893923
1421724
477553
342132
342353
78590
1426287
246303
247761
351118
248769
247049
345961
245878
336889
1480977
598299
1243562
246446
246025
246003
1376624
1321735
247536
248015
889483
247786
246732
78423
246426
78604
357288
247364
246517
666351
247234
78591
513330
257354
246384
336816
1258860
1142795
356381
78917
246540
341640
450777
336712
248349
342343
644298
337141
245939
337093
423653
343396
344883
248760
248950
341406
1204349
336826
249043
78353
337934
341406
1375604
797
874898
336910
1197486
1494357
342566
532431
78380
337116
1324640
496035
615277
247634
335513
248613
342850
247950
360222
246326
247828
341486
246391
344143
544246
341486
246391
336692
1215168
342947
1224583
247663
248924
246448
906563
1189569
1133346
344835
424998
341815
336996
246485
342702
657493
1384408
345344
358751
341889
247935
900296
344381
342056
346880
344381
358751
1384408
1138869
1472132
1210803
246293
245949
248609
341526
493342
246312
359236
1174962
246200
342317
344774
1336442
337349
342340
336866
342774
859632
246431
500806
484121
247396
1259756
341410
341409
341410
341409
795978
246431
247619
1309243
343445
1176660
472145
246252
246484
359348
346423
78489
341466
539137
337588
247081
349703
361887
246100
338245
3144
465995
890019
1383129
345302
607856
559350
411762
248607
343180
248653
248702
349726
337263
341653
344581
864440
341792
336742
344142
41080
247858
1154265
246806
346007
343055
246432
341136
336899
248610
539699
1254534
349532
1195119
342025
1223445
349636
1178090
1452627
670499
415321
341322
337133
341669
341387
247563
249343
248468
248711
641445
341188
619730
248818
1401282
344443
337062
246365
545027
654968
342085
344414
247936
247245
669346
1285568
342287
355430
1259989
621602
336859
246248
341048
1181749
1376502
870092
341659
1245047
1241378
351090
341279
246311
345120
638236
511540
501418
342225
1226226
1188494
349594
349861
935493
861398
341328
866249
622505
457817
456777
246723
248855
247631
664270
342562
1514275
428505
336718
343500
352034
1417823
662645
342768
248550
337033
341608
493680
341306
341328
861398
349594
457817
341608
1135663
341907
343152
336718
337231
246247
662645
342768
424769
246989
590023
933819
337033
530382
343500
248550
1417823
523263
1158197
351144
248186
247987
341521
1372269
248186
246989
335559
1323211
247213
424769
1376504
356388
349731
247114
338034
613079
1213775
247270
590023
353512
1376962
358777
1188090
1139471
246624
341722
640175
246141
349621
337899
619007
352776
356328
247855
356328
1422450
475503
1457099
1163226
247479
338229
341137
534345
342868
1293809
342556
445744
438994
257348
426780
584021
530273
517619
900423
1198856
649450
627459
343110
1339126
338136
345258
337652
247977
494124
336751
257771
342286
345974
343541
341300
248401
362690
341275
337294
541508
347108
646493
341162
520795
248552
639588
1176023
247048
337294
342839
248401
541508
1179256
341300
343541
474261
1293762
248938
507249
636305
553724
1176023
456069
592443
337070
520795
1293793
247400
246385
349680
343621
349482
885144
246368
435394
248672
78648
247983
344732
248672
246368
246385
349649
459394
247400
435394
349482
885144
78648
247659
660015
247048
507249
337393
903281
1260622
591146
343197
337476
1136005
443143
1164759
495903
341059
337776
349643
1244926
855335
1141986
352080
495548
246322
349729
903281
591146
337476
1260622
343197
1136005
342265
351137
349687
1135589
342106
465348
337265
337941
356000
248026
351063
337589
1258915
569931
78927
336891
1422488
337941
342265
337265
248026
337150
246245
247741
336795
248615
344043
658841
246196
1464212
336693
336902
417932
1221229
416117
349505
487126
342953
341527
824302
248105
416117
248615
487126
488320
341527
1256860
342953
1261135
841048
1259607
246321
880850
1464212
336693
336902
248291
1456071
442609
907766
1204381
246334
625781
1132798
335476
1376650
579578
634976
248415
38231
1223878
344065
1376922
342627
1011084
859898
516547
247853
246160
349235
246262
836836
1136427
295520
825380
356788
257703
248915
1379375
354108
349733
1227623
336800
625293
512255
661720
1219625
616076
516547
295520
247853
1376650
579578
354108
248720
342338
349235
246262
1034102
248915
1472130
1223462
1293878
358442
554904
898287
343157
1294088
1226603
1141974
336674
1226603
358442
554904
343157
1294088
898287
336929
78593
1229149
859476
341959
1140964
337190
1496231
346194
249011
652172
571012
864465
351160
1216943
246779
344633
342959
246813
341419
353537
343350
431132
1216943
344633
342959
353537
861766
1309633
620717
1257946
410647
613927
258156
1141849
247140
658869
341049
444713
364239
343188
525445
1141396
1134124
341579
351857
1164708
594424
557200
469091
337758
553703
248670
349560
248982
341495
1189649
341657
342915
646986
924962
341308
352060
1376960
1259990
342697
341954
583601
570768
614095
335461
246319
366831
500659
248606
357349
337015
344602
245977
505874
353077
1376492
343570
1261303
660355
248621
1175250
471335
555194
867268
248019
343061
342668
486178
646120
247633
78181
924309
1320819
352159
1320941
1261017
336708
1188858
247695
899146
837256
1518027
247089
446687
349691
346392
449848
249116
427183
247868
79085
438139
1277485
246548
425453
247749
1373020
344010
345666
247422
866840
1363669
1371896
352709
897963
248933
1501763
343012
1298349
78425
344328
1432808
1375543
1516739
1249366
78826
1331540
345991
341204
78910
1217443
1244875
360101
6975
1512792
78480
1385562
1323
1284502
340842
78331
1490212
1432926
1334323
1225557
810312
625
1375
1456737
780
78153
19273
1424022
1199011
342598
2640
1415055
1228771
1355662
346103
1490959
503342
1207237
1255080
968
78619
1483129
1356218
247259
646
1261245
1291138
247822
14583
1001
51464
1412992
1287590
51464
246970
334722
10545
1491863
345064
430
1228776
1308844
343270
670240
488
1428033
1464388
672279
2039
1308364
1207337
345810
1340449
78421
277518
78997
338451
67517
1338491
78563
346740
337800
338380
1212303
1211345
644174
209
1222078
1435147
343905
1048263
1452520
1478263
1303
126981
2524
1208942
1456735
1301309
78613
1463521
1223
8555
496952
1200984
1331267
345862
1242151
5653
338443
1207373
1242510
893517
655790
162
248683
78179
1245245
1013543
1500753
345006
14578
78140
248677
1453899
837
344422
1355429
496435
1393854
246357
18619
698
343526
1303049
342901
1218727
1369676
3740
1502838
1288063
1136547
343208
343208
341220
248616
1482256
346096
1370418
304
2972
78207
1476225
1491059
528501
26254
338349
1204714
6266
1413255
61
533668
246596
1451739
1294558
334745
407
3520
1342846
248351
1458044
1163219
257609
1301856
7874
1359726
1261446
831
1439147
1396171
38064
247185
1331256
733
1259823
1597
493
1225503
287567
1443659
1238862
35659
341516
1207687
1325525
346629
5809
257403
246951
1514018
1203554
4587
785
875540
643290
248680
1249
1469695
246222
53760
78395
451
5417
474310
78915
71870
414997
481754
874
227862
1200978
78199
1467434
248835
1198194
1310437
1142003
9426
78618
1403540
72604
1491083
1203575
78356
870392
1353220
1421795
246437
1210950
237
434
257739
1258670
1298561
346008
1199007
1366179
120028
1207271
1370725
341221
18109
1216365
828
248123
37749
1466094
275462
60121
78857
1430380
208033
1199124
1487078
78490
338493
9404
33416
645793
399
341120
672175
4867
257579
2179
1263235
344898
128
1381898
35834
553408
1299263
78091
45603
342146
51899
1214719
401
345755
1225578
59653
337621
1227956
22772
1443455
869959
895373
1501173
4074
1208
1299176
1356762
78392
341604
1371295
122645
78116
344183
1204622
782
115149
1240159
611785
221206
60792
1468266
78135
1547
20597
342858
246510
6657
1167673
78171
1368974
1475123
207
6657
1505864
337443
78702
719872
907
1490044
1190351
1277751
1303100
1445209
1229308
78674
15568
341375
212
1219776
1229702
1394172
1251043
246001
78606
1416616
105
1219837
507792
345419
1487896
1198674
28479
890674
1475148
1245
14652
2124
637
247723
670
78414
1297875
346511
1217563
1309327
18788
1199621
450151
1203120
33933
257563
35829
1229843
58434
13219
1377834
248639
246912
248649
1462629
368228
1251132
1414027
1200265
46886
905
42961
1471299
1491513
1414027
78538
1431670
346625
13205
35832
1451936
1461204
1247272
1370159
1382316
78321
1288277
1506072
8799
7431
78077
1336409
1449681
13664
346650
1198977
590
1336027
1284164
53
2569
1324558
60448
4739
1336027
1519199
1242130
1322799
1170241
1485072
341515
1198813
1239976
15755
3453
1241385
1501625
341897
220
20131
24520
1229697
1132316
1388739
10211
21911
441585
247083
113
1501625
1388739
441585
10211
21911
341897
1424315
246093
1297927
263
13017
1300248
1237938
78196
1486855
1284955
14783
1246998
205794
1321647
1226763
1300764
834
1203673
1205939
1243792
15515
1393514
1466131
1490086
1439125
26885
1324
3069
293426
1280047
17
1383416
1416590
1156890
1297980
1225
1494533
78290
438450
238579
1515448
1413830
1279988
1208301
22
11305
247301
1371
1170287
222738
632158
786
246575
1324722
1435076
1284682
345257
1514835
78449
67163
78861
33776
965
961
18318
596
78263
324
1461557
44144
343930
544
1385790
1386676
1228844
1284152
277
78435
17092
1518897
246307
1441
1360197
1250686
1440003
1413740
661
1297995
67
1394321
21853
1292157
1328693
35831
1214683
187
2641
1470837
345420
1354747
15472
68022
24606
1199749
13718
1321268
672114
192
346637
472683
1221892
1208122
78203
1334084
895759
902495
892488
911335
857005
852927
897874
909396
860964
1205117
864998
854969
926979
842939
900481
1268634
897786
859961
859805
893933
893725
840998
846730
1180160
850487
904565
902999
909222
899645
337898
1376634
856437
1376503
1376608
869004
885163
862962
867035
887398
868905
906486
844933
850940
894288
854371
856511
863512
900059
1152846
843012
890208
1400223
1400222
880503
859472
857134
900984
870388
862907
866305
904415
919499
338138
900351
902469
776874
834528
889069
1152221
884628
885257
904579
858748
863552
852926
894311
850990
883932
885415
871989
858265
854918
857123
890773
878320
870060
869794
864143
895478
833687
868213
902137
1181329
871515
861058
904609
907409
901420
851250
848132
870594
865568
807180
928173
883885
868590
926385
864592
910407
868656
909771
901905
940882
927666
837132
894692
1376599
899592
909455
933013
1363907
1376646
895688
248451
850615
846506
1157040
1167107
862356
840514
931949
925597
905587
898770
904949
885190
861798
862942
845092
886728
852998
906353
889178
874317
924880
841992
897640
906908
861367
863778
903352
965830
854742
869470
249342
344990
1182552
246714
1211482
1200486
445957
78460
1212592
1175253
248170
42964
346178
1217236
346272
1225632
1212512
1208282
341178
1203084
672130
342166
11237
577564
123
1204720
1208748
338463
1217513
341737
341628
1198178
345036
343720
1211538
341138
71946
1217402
1203437
344649
1210830
248566
1215599
345991
1244875
78480
340946
1216446
670240
341213
1208942
1242510
1206710
342901
343208
346096
1204714
246596
341516
1203554
1200978
1203575
1218253
1229768
257739
1216365
1207271
78490
338493
342791
1217650
1204622
1240159
1190351
1219776
1219837
247948
1199621
248639
1200265
1198977
1170241
341897
247083
1246998
1226763
1284152
346637
1208122
248907
1289118
341624
1218190
672331
1215305
248162
342062
1203528
345655
338385
1204774
1403538
1240815
1217637
1216355
249165
1198828
1203884
1227585
1203310
341035
343070
1209260
1281841
1216914
858598
1251042
592271
341944
334625
1136568
341941
1207042
344950
342754
1198986
1220713
1448163
344292
1234403
1048288
1132716
1208342
343136
1240664
1216326
886701
1139994
1204476
1324712
1198439
1197181
1229836
1163201
1216372
512445
1220736
1238362
1203768
1219072
1250659
367738
1196151
1204093
1440777
1217651
672164
1238802
1229749
1213193
338400
1199446
345870
1208008
1156928
1248258
1203668
1209159
1215919
338426
1197626
346395
1222606
420752
1240025
1302907
1284148
1302973
246394
1288906
1288906
1213098
828745
1229020
1211063
879019
1303113
368112
1215949
343972
1443124
1213291
1218298
336834
1243427
1204144
1189514
343667
1198706
1229915
410641
1205514
1215124
332023
1324397
1205843
1217020
1280961
1242739
344162
1212413
1239376
1206145
345942
344162
1217786
1229950
343762
1177407
1216346
1217182
342165
1187437
1212344
1218508
1187535
1321387
1259811
1229629
1229882
1324399
1281834
1198213
1403942
1291721
1206089
1236912
1203325
342900
346465
342983
1251366
1203392
1281899
1197339
345013
1285691
1225899
1228929
1281825
336945
1214770
1215843
1359749
1198748
1219474
1141500
896511
419500
1235235
1240111
1165276
1215863
1212533
1206223
1199188
1208463
1187542
672382
1242133
1202793
341276
1251810
334926
889676
1189877
1288576
1191852
451947
1381583
1251640
342930
1218522
1219204
456553
1189938
1208148
1229072
1258568
884681
1182289
342607
344348
246835
1203436
1207418
1198455
1210869
341999
338473
1196215
839048
1450585
1219901
1219692
569712
343176
1251041
1302867
257664
1215094
337235
1217434
1403594
1496969
558931
1247389
1241268
1220375
1252016
1248303
1200609
1329564
1441932
257308
1220905
1245162
1201578
870593
1229963
1247375
1468494
1441932
1183637
881837
1229214
1212732
1205608
1219270
1215306
1199020
1242008
367855
1207335
1212787
411975
1251531
1215199
1225025
1251019
1224643
589649
1288834
1265031
1229712
1329485
1290700
1281975
426575
346339
1290700
1281975
1219153
1285182
1329535
426575
341217
345493
535895
1203746
1132494
1207344
1242462
1218230
1284536
1200272
1421707
1249402
1204053
1213097
1187498
1329454
248920
357299
1474741
1374812
1474729
1214522
1218299
78537
1356725
1200272
1187498
1474741
1249402
1199029
1220969
1212982
337105
1215983
1381586
1288781
1450946
367968
1219336
1215407
1220838
1239679
475721
1229218
1217026
345867
1203210
1227245
1474735
1207707
1302983
639019
1213080
338410
1247501
1251483
1207707
1214920
1302983
334598
1213080
367968
1474735
1142125
1219336
475721
1221923
1196131
1215368
512230
1251378
1281369
342242
1213191
1250628
1241351
1288498
1233320
1244876
346015
1228049
1203603
1220908
1238946
1228049
1203603
1219265
1247903
1215593
1236426
1246945
1216328
342753
346762
344983
1218715
1222388
1220084
574089
1337487
1247231
1228750
1157354
1201381
1239475
344323
1221397
914817
342412
1219167
1219797
1180993
1242072
343793
1215531
1225589
1206764
862786
1375073
1245028
888716
1247133
1245169
1284482
1219485
1282477
1239939
1266354
1229700
1241388
1218424
562548
1222151
1513122
1238780
1285633
1204410
1203455
1218455
1204674
1290279
1251387
1321422
1284482
1219485
1290626
1216295
1238780
1307013
1239560
1266467
1288710
1211086
884114
1212628
1176697
861474
1322659
885924
1202745
1219418
1291877
1266365
1485738
1212616
1229700
1247133
888716
1239939
1266354
1241388
1513122
1282477
1219453
1201140
1163228
1282734
1206704
1212751
1211325
1251368
1218274
1207461
1229462
529193
1240003
1198834
1213383
1207000
1218730
1216353
1412733
344164
1207333
1219463
337896
1233284
367776
1231814
1200045
328844
344771
1306795
367776
1207333
344164
337896
1474745
1198577
1231814
1200045
1233284
1289092
1217885
1214982
1216311
1229499
1288613
1199974
1219373
1221119
1238932
1321565
1229840
1251629
1227053
1229365
1288814
1242938
1221087
345174
1226445
1204800
1214609
1367009
1216408
1289142
1220454
1240128
1230179
1200049
1137643
1215527
1330316
1322630
1227003
1513864
1229774
1283771
367924
1263950
1215702
1291645
1218072
1362289
1288505
1207502
1251066
1199331
1444236
1225029
1254286
1182769
1212554
1197507
1206839
1227795
1267499
1290731
1247960
341540
1218583
1282960
1190368
1208343
1208456
1299581
1239598
1303665
1220625
492725
1220456
1214399
1197584
493549
1266846
1288743
1239003
1245024
1264135
1216296
1288415
1233154
1197507
341540
1220625
427611
1220456
1218583
1190368
1208343
492725
1202456
1215615
1291906
1132399
918040
872009
1239872
1322668
1266072
1132264
1033648
1215965
1289044
1250660
1200245
345000
1378572
1308304
1239614
1375049
1374838
1289044
1033648
1215965
1200245
1204506
1291162
1365439
1279902
1244860
1216011
504380
1205322
1250660
342376
1190481
1221035
477517
1205324
1251107
1279815
48160
650384
1221933
1269303
1212772
1229066
1239849
1302813
1178396
1366416
574116
1238995
1216387
471377
1201236
1281913
601251
1215784
1197465
345000
1378572
597610
1220779
367767
1196183
1251311
914702
1219178
1240084
1206565
1267851
1242145
1219203
1280028
1182553
454617
1245108
1382764
1304230
1214680
1170385
1251311
914702
1261225
1240084
1245108
1207495
367767
351472
1227164
1472067
1375086
1219443
1218729
1205477
368234
1220745
1281940
1441844
1208869
1158398
635863
1385201
1258956
1198467
1240772
1240026
1291080
1215904
1205477
1218729
1375086
1205751
1227305
1230643
1247814
1242612
1201231
1258956
1198467
878240
865493
1381595
1208934
1291080
1240026
664310
1240772
1251370
726786
1265120
1323605
1241355
1376798
1265913
1214941
1216374
1263919
1228811
332394
1303247
1218373
1267933
257454
1221356
299111
1372972
367746
1333404
248125
1194411
1215997
1265050
1289565
1281965
1197705
1329562
1238695
1307226
1048266
337129
1217141
1227610
349239
1218052
1256720
881988
672374
1448809
1281378
1235456
344080
1281874
902043
349239
1218052
881988
1233373
341323
1244897
1218422
652628
1198740
1204876
1217005
1251607
1269369
1211555
1336124
1222188
1250775
1290489
1268179
1215720
1248509
1223430
1243911
1229281
1303924
1222209
1132273
1266842
1281950
1421638
1194754
1251514
1212519
1203681
1204413
1219301
1249531
1260796
1251049
1265183
1265191
1237280
492964
1436227
1234049
879732
1241635
1244914
1233357
1289143
1402588
1261896
1212309
1218158
1247382
1291799
868476
1225689
1374821
327317
1250768
1217373
1189889
1246908
1336713
1204096
1225014
1213057
1290554
1217251
485171
1206225
1242461
1221404
1202510
1234415
1204461
439495
880176
1154662
1203686
1444798
1251657
1218565
337068
1217296
1305764
1293901
1212979
1251676
1241216
1227060
1206858
345796
1251032
1251080
1213268
880525
1132373
1374825
1178155
1220172
1207631
1216228
1242978
321077
904605
1219359
1212331
1238731
1225445
1234711
346394
342526
904605
1378260
1229299
1205005
1427376
346394
1225445
1265385
345709
1387938
1387906
1387917
1387899
1387926
1374802
1374795
1375103
1375066
1388503
1265709
1388522
1387867
1387841
1387854
1387850
1387872
1387883
1387511
1387505
1387501
1387537
1387539
1387523
1387535
1387577
1387596
1388820
1388824
1388864
1388862
1388847
1388886
1266955
1381600
1387993
1304087
1338417
1282776
1225778
1251482
1290457
1359049
1282708
1446060
1215136
1303953
1288408
1266480
1288839
1417032
882086
1433741
1157247
1332364
1330097
1241471
1386075
1288770
1045314
1217143
800758
1268877
1431222
1306976
931824
877276
1240200
1240167
1483311
1191051
1289500
1477505
1251704
1414400
1288612
1331992
1364681
862796
1240140
1428792
1240897
1404275
1267123
1289542
865210
1485789
625400
1468492
911330
1254308
1263922
1427404
1340131
489297
1386064
1428073
1480913
1359876
1289478
1265521
1245205
1449849
1251744
1289520
1289672
1306922
1307001
1264094
897984
858908
1263915
1267098
1289153
1175900
1251089
1281958
1265893
1473146
1251048
1248052
1251553
1215943
1362564
250234
1260534
1240782
1214265
1331807
1265318
550324
1289335
824197
1262257
1247316
1331778
1242460
1289467
1277941
1201554
1248197
1280660
1289376
1266899
1319647
552970
1245272
1248282
1229357
1309919
1243249
1435290
1260320
1388277
1417068
908083
1247816
1286216
1251753
1189934
1262020
1267423
1289082
1265463
1292435
1472408
1267232
1372699
1230350
943265
1289379
1386065
1265077
1218965
1261240
1329549
1338047
1251405
1176187
1285694
1264911
1251518
1288916
1308273
803226
1218355
1288642
516822
1251589
866555
1268641
879575
1290774
1281949
1290667
1285690
1248241
1290545
1278301
822423
1496774
1291129
1132554
1447869
1266256
1158061
1346684
1323688
1289759
1496936
1260678
1281362
1338257
1366212
1288621
1207678
1216361
1248137
1288520
1239528
1288689
1300897
1442757
1329524
1306846
1221488
1290662
1288411
1230305
1267545
1405660
1277469
1290723
1197704
1286897
668236
1228227
1358797
1242063
1472079
1447117
1278819
1343430
809934
1267911
1457541
1302889
1290762
798263
1289040
444700
1251586
1444174
819855
1265286
1248123
1263945
1260709
1247306
909805
1361671
1247486
1267857
1245264
1247081
1251768
1248528
1337002
1265687
1288550
776377
1266623
1332135
1386056
1240317
631929
1255900
631217
1247932
1468473
1233237
651041
1426639
1157262
1266627
278445
1330234
1282668
1195415
1281925
1289594
1157631
1230247
1251059
881866
1251361
1303207
1184084
1288746
1263202
1387022
1444028
1245242
1286916
540103
1433760
1416301
1289498
1288511
1225515
1290558
1321846
1329578
1329543
1248199
1438106
1445659
1229793
1281384
1282754
1289301
1329513
1429431
926286
1422097
1338290
960015
1222981
1251322
1290742
584065
1329561
1240120
1464145
1289412
1281445
873866
561207
1331785
1289284
1333032
1289669
1247318
1306775
1258586
1229491
1246918
1288717
1251678
1384225
886876
1251627
1157303
1289292
1329571
1338692
1368630
879216
1370937
849372
882228
1240267
1250879
1262692
1325049
1209006
1214562
1281870
1289114
1434146
1329341
1439268
1215166
1204471
1221882
538656
898278
1290513
1242566
1202088
1278134
849601
1263994
1322211
1498560
1285915
1201080
1221449
1290665
760478
890502
1288527
1306665
1460733
1289187
1302870
1288684
1289524
1264176
1265784
1230138
1281954
1288424
1279819
1289200
1468500
1282892
886511
1221565
1266544
1343480
1406342
1282761
1251468
1295772
1356737
1386061
1288845
1242580
1290795
1288387
1241507
1289407
1438134
1288798
1242861
1290553
1286912
1282944
1289411
1289010
1243810
1262233
1289224
1370825
1221592
1288552
1251804
1243390
1247802
1239970
1371265
1251363
1291141
1404731
882333
1281777
1258412
1329547
1288878
957546
909061
1307054
813388
1196827
1239690
1288865
1483330
1251582
1376046
1310195
1264082
1243014
1266121
1288516
1288901
1441079
1320155
1280723
1329447
1258904
1336714
1254521
1332960
1331805
1225466
1306313
1251647
1244198
1243824
1485759
1266850
1422695
1240502
1251621
1485772
1251630
1258096
1251020
1452993
1378076
1265548
1242849
1365635
1427310
1447696
1384816
1449992
1306899
1157810
1265260
1244157
1277474
1292158
1306820
936428
1219629
1142453
1251480
1364684
1257675
896686
1217754
1468488
1247955
1256440
1412715
1445095
1268788
1288467
1265552
1468481
1282144
1325222
1332775
1288374
1268074
1225738
1281308
1269181
1330310
1269538
1289554
327061
1406340
1207664
1288523
1279901
1256677
1204769
1338044
1242556
1288487
1278290
1369329
1267544
1474759
1281920
1264920
1247785
1496954
1288912
1279345
1430002
1416291
1472062
1256923
596533
882524
838399
900480
1260506
1264982
1243800
888970
884054
1505127
1289166
1306690
1324822
853463
871871
1243269
638092
1240879
1480919
1324595
1290767
1290728
1239952
1282457
556494
1285638
1378367
1153596
1309844
1289526
1266636
1425245
1417245
1245150
1265046
1191074
1266792
1266864
1442885
1346121
1251701
1302890
1261688
1356889
1264941
1288501
1289438
1289345
1251726
1417988
455643
1226612
1291613
1291882
1251555
1291148
1215455
1469448
1174798
871850
1289709
1282955
1157035
1303349
1178274
1221549
1446505
1291082
1286934
1331794
1303018
1264000
1282945
1338416
1447028
451680
1367309
1288795
1432601
915109
1441703
1290812
337855
1251078
1264877
466919
1215137
1219199
1244159
1251770
1485760
1204141
1483302
1267265
1286207
1288604
1265617
1251082
1288830
1247045
1289311
1291797
1266235
1288444
1288616
1418848
1251388
1289147
1457542
416019
1290737
1239961
1288480
1251773
1239494
1221478
1266534
1221400
1281895
1265553
1257529
1157018
1212516
1290609
1244199
1464163
1338036
1206910
1404268
1269125
1251409
1251750
1290567
1320908
888317
1356738
1278540
1239385
1240152
1244164
1281861
892592
1220616
1265777
1229860
1447838
1290789
1251619
1417971
1289896
1429843
1220450
1290668
1290549
338041
1362180
552206
1357538
900775
1190771
1259878
1251123
1248032
1291968
1430488
1268550
1280656
1428204
1260861
885465
1266815
1288643
1225784
1242504
1460115
869580
410602
1483332
896880
1195326
1366206
1265408
1247437
874754
860006
464813
1267744
1289683
1288672
1253927
1441843
1257145
1402587
1379100
1306350
847412
539514
1334214
1287297
1163296
1264937
1251693
1329541
922285
1485763
1310691
1442234
1289388
1256257
848168
1477503
854943
1306781
1251056
1251808
1294316
1247807
1221444
1290498
885783
1219399
1250744
1219138
1485775
882599
1221392
1365320
893844
1229801
1262697
1294461
1338693
1307139
1263999
880960
888779
594099
1251021
1376559
1360276
1415677
1265135
1288470
1289637
1422577
1281515
1287959
1289220
1307227
1261360
618522
1218996
1268801
1282882
1267975
1288600
1485745
880322
1386081
1242190
1241122
1290727
1288774
1291976
1411322
1268909
1202469
1440906
1247168
1230191
1310706
1290713
1290621
1259374
1254752
1251699
1268392
875892
1288436
1251526
1291900
1241276
904599
1204212
1202728
834037
1468509
1286924
1254645
1265238
1288502
1286910
1216357
1290705
1424682
1220502
1287831
1229599
1226042
1228951
1240117
1289380
1288828
1339417
1222060
1283784
