246286
246591
78535
344881
246063
341750
79185
343203
248006
246267
246390
79203
246234
247186
248918
246594
341289
246127
248997
338391
79202
1132991
344073
78439
345075
246388
246333
336868
76365
247713
341535
257714
1145428
246124
345216
410612
341749
345023
78536
345106
78637
247259
247822
246970
334722
78421
562191
341502
338443
246177
338412
1188324
343526
1136547
248616
338349
257403
247899
344902
248680
246222
248835
1142003
338351
341120
344898
345755
246261
249875
248649
341515
247725
247301
246575
345257
596
343930
246307
246188
246582
246366
247220
246897
248896
246375
341603
246313
556588
79088
345963
248916
344644
245997
248260
341655
246461
13511
246430
249161
342073
334578
247108
246972
342249
568339
343104
341697
346299
247575
672356
247736
1276042
343113
343413
345919
346556
343448
522907
336671
332313
1187544
344530
341361
246276
859417
344961
249003
1284887
345881
1132419
248881
246051
1133137
572288
864445
1376294
1226148
346901
1292647
342609
1182718
344890
246152
1140604
645025
1220311
247645
342563
249006
474977
343266
343789
1132403
247110
875400
839146
653951
338343
342003
1224034
345865
1200671
346347
248967
505456
337635
246231
454600
338401
672184
345289
248716
338357
1187526
257720
341740
337226
343917
1188135
341648
1259227
343866
247368
345049
1370939
509243
345830
247718
248828
346484
345970
354021
338322
341542
641862
247898
248909
341896
341882
922331
248553
342871
248851
345158
528234
1211364
1199767
341240
368000
248876
667620
343207
1205756
1381674
247401
246965
1332166
346564
1293587
1204176
248215
337598
1206558
346759
247244
427306
346478
1199925
510430
343379
343318
338419
338423
1132371
1269052
246851
1254524
343275
343557
246154
343557
246154
1181805
246509
338366
342934
1257423
342096
337511
246380
1226170
886833
246971
1223705
1225718
502968
367992
1472118
346129
338434
1376299
1182143
346365
246715
257731
247050
337686
1241131
345048
246047
247184
345663
349509
336769
1278613
53242
248637
462415
248675
343567
1224821
341529
341589
1213007
599380
257734
345816
341663
246045
1139662
600444
1260448
567900
338424
857392
1178371
346128
341376
342203
341263
528725
1132422
346086
248249
338406
651609
1201175
257715
1132571
248115
341995
79042
367835
246373
343918
532909
1253966
342701
342640
346255
341182
346443
344899
1303612
342628
640069
247458
1182756
434675
1187851
343204
447827
356382
1189407
1207498
1156905
1188149
1142334
845575
1187851
434675
1138852
341945
336861
1257996
1226109
1181376
1132375
346661
246335
435291
570210
1188136
1292650
248911
367833
859190
1197568
1261229
856937
342066
856937
908380
511543
1416503
858259
1292865
368073
809560
1211530
246674
338470
343024
1221853
248093
1293614
367814
341902
1143629
344077
249018
1138644
346133
873480
877048
1188879
343561
1243498
342443
345181
1205154
887170
336825
657822
672241
1258098
345020
887300
345181
367891
247712
639339
338369
246438
344036
432411
1226399
865833
1292822
1198718
368040
1292651
672123
1141140
901668
344474
248121
341539
1226060
1188138
349454
338506
344402
1133167
341539
248121
901668
344474
257392
247790
343093
498730
1170243
346089
247869
1206096
367811
1196913
345694
583056
1176370
346479
848919
1197921
248119
342244
902268
1200244
528647
1188859
1174796
344679
345795
342955
1201914
1226073
1154721
352450
644250
1198537
1174948
342616
345094
1196621
1199060
344695
1184463
351945
1292649
346101
1242135
346590
1421756
1278639
1205621
248194
1278594
1247267
246362
1247267
368007
1211043
367634
624481
871727
521056
425930
346707
1206481
833505
346196
1335283
1227320
1240844
534924
1457098
528207
1139458
670498
581517
345214
346471
1211328
1138568
1279005
345778
596407
1154668
521056
534924
1457098
1240844
1227320
342935
356957
346823
1335283
425930
346196
1375915
1183961
1333793
341348
1219590
337668
1213948
871325
247694
865552
342975
1196208
1188861
1177196
1142984
338435
889234
662981
662618
343465
1199119
331262
1256468
860321
1292558
341992
623523
1287546
858581
1257776
246417
1226192
1132351
1200941
883012
510131
555589
1421916
600160
619200
493539
1260664
1213976
345778
1211328
1138891
1260748
345589
858581
246417
1258852
343477
524892
1213976
341190
417093
1197933
1197088
1226192
1132351
337042
1138975
343956
346669
456845
341056
338354
889052
871774
247039
1256876
541635
1207012
341123
1256810
1152906
345458
580141
821751
1142271
913012
554726
1200467
544859
368103
1138533
1278149
882358
1188481
1158294
1194160
576521
1198716
869220
478516
337616
1187787
1165251
1262361
1198716
1188481
1194160
1158294
1143438
341081
344913
879097
334480
1211301
585167
1239857
1140555
504859
247885
1181019
368271
1155101
342569
1152011
247657
1376317
845339
1197810
338432
346243
488053
1143400
1132651
648970
1187803
873218
881725
874650
345102
1196196
345290
338381
342558
338388
345076
857332
342786
1196760
1256743
1193212
345320
247681
823286
588580
576521
1214664
345233
345078
342342
915052
856654
552527
345076
346180
627570
672085
346259
859358
248867
1156314
878980
1187883
563222
1193212
574396
338381
342558
345327
345320
342815
248681
343090
1338847
1463309
495562
1196586
529116
344953
1138177
343724
1199852
631999
345070
1133213
367876
888102
448488
818528
1140335
452689
1133311
1196413
546196
504590
1214497
1421649
672180
353682
1190318
1221184
535497
1256512
879912
337827
344891
366223
1138782
465981
863590
367897
342745
1140073
348265
1136186
583883
1190444
1359972
1197570
849503
488977
342568
341572
1132400
345313
1133379
1132566
801848
342747
343466
1259290
1293562
353675
343929
248495
631652
531979
1158083
345739
1142266
1140161
1203103
1190357
627685
1188046
336835
334123
462619
246884
343259
344437
1213843
1214375
342547
672186
1197932
346410
1438596
344977
1334812
1136089
883841
345286
870281
1334812
345286
345739
627685
1140161
1292291
904377
1142266
1323154
338362
1197570
1188046
1193055
346228
1292582
1190357
343944
367980
336835
1132299
867748
343368
1432090
1201316
863262
865289
612306
598386
1143597
1187548
1247918
886545
1139844
345703
344317
1182177
342086
345610
342604
886455
1226269
1158402
345943
342742
247824
1277764
882310
1164807
1132281
1176031
907207
368059
1189955
346087
345669
1301696
515587
345693
457323
1189955
1247918
862321
1213870
882310
1277764
838067
345610
342604
422267
1258978
342086
1182177
344317
886455
342742
345943
410650
338465
414869
1158402
247824
1157006
1422256
1240432
1261614
669704
1228784
346286
1375439
1278677
448536
440267
1422256
345296
246301
1190356
1182214
346644
246955
1261645
1196170
1138066
1157484
343043
1190325
1135373
344769
342741
343575
346658
846026
368009
353578
344769
246955
343575
1252861
878769
343578
1329722
1389711
344708
1215457
1136108
470823
343296
1227630
611426
368099
353911
338454
346587
1188504
1292799
656063
342234
1239552
344834
1197478
648786
345665
1239687
343296
343578
878769
1255062
1140748
1143411
415082
353723
246938
891356
337359
248783
346367
658864
343583
346095
361172
343839
1329722
1389711
611426
1227630
368099
1215457
353911
1185631
1255062
353911
1239552
343578
878769
357098
1137440
338396
345665
1243553
359380
468250
648786
849618
893891
1142846
33263
1376463
345923
341883
344290
257637
1219157
1132314
1320291
1190124
342639
345010
1293026
337054
341297
337139
248099
1189900
1376951
1189048
480951
249795
621219
246497
346655
1293489
1141484
1206068
257630
853069
1139979
337054
1133291
344198
1256698
1187922
1142986
894622
1199147
1293026
345010
1375829
1268591
1375442
1195530
900721
879381
873622
911337
875261
873957
808663
344863
338387
343208
248616
1482256
304
1370418
346096
2972
528501
1491059
1476225
338349
26254
78207
6266
1413255
533668
246596
1204714
61
1451739
1294558
334745
407
3520
1342846
257609
1163219
7874
1359726
248351
1458044
1301856
1261446
1331256
247185
1396171
831
1439147
38064
733
1238862
287567
493
1443659
1259823
1225503
35659
1597
341516
346629
1207687
5809
1325525
1514018
257403
1203554
246951
785
1320415
1320415
1258163
1427027
60041
727
238064
15480
1183619
1298952
3667
1301816
1418942
77
35830
213308
7707
247899
344902
669
247373
1366642
247658
30069
1378057
1372606
20568
300836
1379
6289
248812
1249
643290
248680
78395
246222
474310
78915
71870
5417
451
53760
1469695
1467434
248835
414997
227862
1200978
481754
78199
874
1198194
1142003
9426
78618
1403540
1310437
72604
1491083
78356
1203575
1394753
1491440
5858
1514316
222592
637244
78045
78328
1200654
1045
1464173
1230199
1321938
215228
1242431
227710
1229768
1218253
338351
362780
246369
230473
1487196
1385822
180
1343888
78487
7429
70976
14576
14576
1353220
1421795
257739
1298561
346008
434
1210950
237
1258670
1199007
1366179
120028
1216365
1370725
1207271
341221
18109
828
275462
1466094
60121
78857
248123
37749
1430380
78490
208033
1487078
1199124
338493
9404
33416
645793
399
341120
672175
4867
257579
2179
1263235
344898
128
1381898
35834
553408
1299263
78091
45603
342146
51899
1214719
401
345755
1225578
59653
337621
1227956
22772
1443455
1443455
2796
1302188
1206962
1300115
11003
1516918
546376
1461255
8080
444598
685
175
1430577
228628
900979
1279
342791
1301444
246261
76392
1454203
1666
1298311
1217650
320
308316
1490020
1506579
249875
1298311
320
1506579
78392
1204622
782
341604
1356762
122645
344183
1240159
78116
1299176
1371295
115149
611785
60792
1468266
78135
221206
20597
1547
1368974
78171
246510
342858
6657
1475123
207
1432720
207
1505864
1229308
907
719872
1277751
1490044
1303100
1190351
337443
78702
1445209
212
1219776
78674
341375
1394172
1251043
15568
1229702
1487896
1416616
78606
28479
1198674
105
1219837
246001
507792
345419
35828
1362966
1385972
1428473
605
78617
1261678
1446250
1227766
1575
248935
1433394
38080
1370283
862700
1423154
1225363
246022
27
1489992
1281416
4430
1302114
1462687
1254277
342345
1038159
78277
247948
1245
1245
1475148
2124
1203120
637
14652
78414
670
247723
1297875
346511
1217563
1309327
18788
1199621
450151
1229843
35829
33933
257563
1377834
58434
248639
248649
13219
368228
246912
1462629
1251132
1254497
905
46886
1251132
42961
1471299
78538
1414027
1491513
1451936
1247272
1461204
78321
1370159
35832
346625
1382316
1431670
13205
1288277
8799
1506072
1336409
78077
7431
1449681
13664
346650
1198977
590
230325
1180285
885936
1178294
887345
1154732
1268568
916892
879412
1202878
1178820
870689
887743
883889
1263891
344722
876644
1190906
1191377
1384404
895011
880998
344721
864473
882480
877468
878513
877006
867158
341691
856308
859674
875908
896256
1191620
1382784
346539
1133593
342054
1375919
1389730
885930
1158271
1157365
888147
1389753
1390247
345962
873157
919536
1188005
1260450
1201658
1180654
1192322
618025
1439824
1485916
1497667
868925
879772
1292559
1214782
1132285
1292780
822566
1292864
876480
855267
884086
888186
897112
1268972
671002
886641
1247396
1206461
1452232
1262417
357463
893992
586572
1132289
1196591
1213889
509710
883652
433475
655661
1140840
1197673
489621
1339036
452713
1260689
1278660
899838
823353
856772
542907
924678
1221671
420647
439949
552849
1293595
1138491
1247529
341917
1188146
1278936
1485871
367574
1302741
905130
887457
901743
912449
881387
1319149
1292653
1496886
1137408
1259697
282681
1485918
533148
1292567
891310
1337750
928310
1227515
520264
347052
630172
835006
551140
512112
1179263
876656
1199053
1306098
1132867
876938
897234
1197128
862328
886873
572949
865300
856892
890109
1190808
1293155
346498
660609
1158005
850139
570006
909655
918172
1205812
1216033
821713
1187921
415445
1220202
1142917
857832
1136237
916745
614774
457352
546729
1228901
831506
438626
346420
1422458
1421478
876021
637972
1325609
817449
1198846
550747
877658
860108
891567
825377
864315
516273
541080
1293530
418287
1197057
1137168
1292805
600188
1256979
1132410
353985
1203019
1259674
503962
1137677
582264
338134
341997
1213868
639531
517493
568188
877236
487378
830807
666234
1306058
1485860
529679
1143393
892126
1283992
880534
591678
1182192
1422311
1421513
1427624
841326
1422227
346094
324378
884941
1257551
887478
320638
1258601
870704
1306066
1141311
1138122
1293038
875814
843640
1293386
887785
499933
869952
1258636
475713
885492
885954
1260600
1142073
1278658
1293411
884229
1221234
880289
889667
882442
899578
913783
1485846
365055
898454
1428209
1200367
884999
895670
1185711
1278680
840189
352426
552504
1179559
1269109
1198842
1278678
833096
1202796
885842
1480950
588130
1201916
1213901
1257950
514928
881432
1134640
1215384
1136441
884090
1219326
1303114
1216057
548673
866120
824384
1139555
495298
570329
334839
344720
1206123
889129
639176
872371
888662
891475
881157
927766
508290
891175
1431056
1257944
1293432
830510
884668
895179
1176137
914257
1175138
1136125
1206259
836512
1371692
1292944
1196401
890172
1195594
1259986
826127
834632
1506395
924926
1292839
820886
1261087
859333
1203247
1304546
1132545
1138304
344956
1142804
1196916
570631
1422490
887541
888204
1362864
337904
843692
1194084
563814
1268337
843114
844520
848035
849402
