344929
344264
342068
1189089
249900
248645
1170255
246896
344682
246377
1239627
343471
343355
246012
1198177
588362
248904
249898
248700
458721
345011
1170264
246065
334590
1197558
341189
1176763
343945
1198214
334620
247875
247784
341195
342067
1211014
344258
246019
78888
1302835
409801
349452
880237
342176
247731
338365
257594
248933
343012
249894
341173
1199011
342598
346103
338451
346740
343905
1200984
345862
1207373
338346
346189
248683
344422
338387
247185
1183619
247658
247373
248812
672175
344183
342858
337443
341375
1362966
248935
1225363
346511
1203120
368228
346625
1198813
1132316
1205939
1156890
345420
1199749
672114
1207188
358750
1197732
1196180
1215408
248075
342362
342892
342183
346641
345972
82
1203965
1197753
341894
247086
346308
368135
341193
1219244
345719
249895
346106
338328
338402
249008
1183351
615739
337091
245938
1219101
1204596
258155
1206595
341177
343669
1196168
1303054
1182266
655258
1208113
78608
342381
498327
342127
338486
1383
344500
1496716
1207133
78610
567982
1197625
341201
344236
1207824
1190680
344277
1214419
1144681
344055
342601
1132555
343045
16687
1181776
1257054
342906
1042603
1198709
1203671
1210932
1214574
345672
343042
1219250
1203458
348264
1196171
257722
248576
343253
1226552
1216552
345627
344032
670526
1140383
329872
343744
248947
592742
342364
1225550
345668
1388714
337204
1204621
1193542
1209293
1201161
341952
266182
1205281
905498
346154
343662
346383
343052
1207149
672202
618704
1182242
248268
341788
346321
1151956
344753
345193
1219859
346460
1277392
344451
1209085
1219572
1170252
247399
343088
1182599
598118
642857
343985
346282
617007
343470
605624
1187517
1216169
1180890
338409
880690
246969
1201660
1224088
1132607
1228960
1214681
1290017
343954
1243428
1176525
1474770
343954
1243428
343476
333694
1198738
1207141
1211020
1200664
1197452
346477
1181801
894305
461829
342949
1214430
1228100
1292359
342173
343094
1208145
1225318
1205039
1215952
1219599
358776
1298735
341601
1163084
1208341
38977
1163084
1200487
1356736
1440024
460709
342181
246463
1415190
1201935
1200295
345939
1257248
575852
1204237
1247184
1375370
1242106
551611
341126
1139635
335222
1208848
1211570
345786
344440
1233329
341119
1203252
1247205
1142976
1247205
1142976
1205833
1182451
247448
1202732
367813
1214423
1252068
585692
1202834
1209323
1203680
1196172
1226061
1216249
1252058
447056
334925
1202936
672281
341853
1211064
1243698
1200445
1219512
344751
497784
1205521
1219613
1309820
1319707
345354
1205521
1243626
1207517
1199617
346923
1423806
1208175
1199300
1206070
1251930
1225572
341765
806786
1283031
1293088
1203846
1203915
880506
450738
643595
1228792
1140198
1289838
1203380
672178
1214841
1329629
672178
1329629
1154432
1139933
342017
1214316
1182589
603681
1198735
1214729
1204029
1205589
1229192
490367
1170245
1226045
1204581
1289854
341965
1206445
1246987
341228
1216948
882332
346481
248648
337075
1207572
367815
813214
1202902
1198613
346358
468393
1215712
342809
341236
1472095
336923
1132343
343124
438338
1208257
1190392
1193260
1248269
1206528
1132968
1203251
672091
1200865
1217394
1254592
1205157
342441
1212315
1446748
917520
1207706
1198459
1259088
1207706
928847
1216089
1215613
930966
1204767
1200388
1154607
342613
1215623
478482
344924
358510
1197692
338499
560471
368034
1133164
1375405
1201375
1139713
1203383
1207653
1215502
1188070
1215085
1225831
1291168
1464171
1215085
1188070
246230
1247151
344742
342856
346000
257613
1207101
464740
346167
1215402
1262244
246713
343594
1215122
344809
410630
246360
354022
1267562
1375193
1204431
1199021
1198700
1225617
1290114
1211051
1205027
519365
1203669
1211051
247450
1203287
1211229
1257641
1247283
341702
1209176
1259191
1219637
346266
1204794
1389095
1220487
342147
1206898
873844
1291177
1219612
1211081
1202920
1248313
1252109
1207041
342869
1213839
1214342
1246924
335177
341203
1256563
1359617
1174830
1375225
1213912
1199627
1200359
1441688
1210956
342584
1252089
249168
1201883
1215815
1212334
1387028
1211081
1219612
1200862
1267438
1240666
1248313
1252109
1207041
1213839
1214342
342869
1441688
1200359
872602
1200862
1215815
1387028
1212334
1173851
1289897
1204734
341528
249168
1201883
341203
1256563
1359617
1252089
1201630
1247169
1208672
341753
1219139
1203716
11792
1207626
1207620
480316
1217056
1240883
1229885
1219139
1217056
1240883
1207626
1307494
1197566
1258610
1260609
1139763
1243312
1203450
1321478
1206539
1290030
1219180
1302267
1247998
1457093
1199822
1138459
854589
1194459
1233110
1197918
1225983
1191910
903760
1178344
525546
588995
1214731
1178344
903760
1191910
1215837
1257755
525546
1215471
1289769
1251923
1306619
1375375
1285983
1142462
343244
1211228
559051
1170304
1196465
1165560
1319417
1220464
1291245
1203899
1182241
345221
1207196
1292273
1206798
1196465
343244
1215601
340960
336851
1206798
346353
1205868
1292273
338393
1200727
550161
1215614
1211225
1302791
1198569
1292169
884620
1200353
246503
344749
883845
345221
1203899
1182241
1291245
1165560
1199238
902459
1208116
1247314
1256950
860437
1261503
345876
367963
874367
1203707
1200946
346359
1215236
1210973
1215483
1215713
1178360
1418536
1210897
345946
1207243
1215275
342375
1158502
1276104
1243286
1157399
1214661
1207294
1191042
1256950
342375
1158502
544704
899259
1259317
346662
1247314
1323245
1210897
345946
1207243
1261503
367963
1243285
1458547
1157714
480056
1205294
1239484
1215989
1290965
1367584
1515740
1215594
1219267
1200458
1132358
338202
346362
1206828
1468522
1201468
480056
1201743
1515740
346362
246449
344268
1199126
1218673
1267439
1258877
1206592
1187564
1375392
1206402
877224
1217567
1243759
1289913
1200458
1203351
1204241
672129
1219267
1213385
367991
1132300
1215284
78534
1132987
1205904
1200471
1289840
1208416
1203514
1200428
1264579
916787
1450195
1204814
1213384
1220551
1389529
1218615
588351
1132372
1433069
1252001
1205854
1204856
1389579
585354
1207587
895461
650142
652323
429383
346102
557969
346116
1182953
1215717
1262368
341084
1175570
1208644
24694
438709
346821
1229575
1247189
886152
1290033
885705
1290094
1203514
585354
652323
429383
1220551
1204814
1207587
1215980
344406
1389529
1213384
1374425
1216377
1219892
1219207
1183623
1227905
1187816
1211184
1303609
344958
567304
1292487
1216150
510684
1291566
336946
1178243
1201091
345994
1210925
1258418
344661
659428
342193
484141
345522
1202273
1222799
344658
343822
635848
1199150
345902
1216175
1258184
1215596
1202851
485200
1239444
1208320
1468527
345877
1200830
1284512
1159320
342178
1202840
1207295
530858
1207749
367742
1212162
342970
1200729
1216043
1269411
1214662
1337082
1215273
1132609
880276
1190531
862581
1198983
1224875
1200940
1215382
889944
1214672
951768
1215957
1208061
428191
1225978
1468518
356236
880891
1216043
1200203
1262114
1200354
1200729
1132609
1256880
1207856
446969
1200617
367962
672368
1282430
1268257
1430098
1262114
367742
1213382
342970
1194409
1215273
1132609
860180
1214867
1205935
1138457
1437982
1200940
1215382
1214672
862581
1224875
1198983
1190531
1324505
358679
1200675
1426285
1203285
1188080
1219496
1382768
342473
1198985
589238
1203285
1188080
1219496
1382768
1215819
1240806
1247303
1200735
1247328
1211004
341565
345743
596128
1170247
1133044
338009
1188417
1258014
343639
908595
1323879
533860
1252036
1202085
1320126
1203350
1389112
346464
1215309
1189812
1203338
1207099
1192742
344199
1257034
1267336
1220320
1212376
637604
248666
405
1334323
1437441
249894
340946
1398813
525889
1309249
341173
992
989
489338
1212559
1338498
1396246
482112
346297
312974
78637
1499161
1382900
1480522
78792
1492065
1165777
8166
1216446
1218215
78478
870
1375
625
1456737
78153
780
1199011
19273
1424022
342598
1415055
2640
1355662
1228771
503342
1207237
346103
1490959
1255080
968
78619
1261245
1291138
1356218
646
247259
1483129
247822
14583
1001
78779
1287590
51464
78779
1491863
10545
334722
246970
345064
430
1228776
1308844
343270
670240
488
1464388
672279
1428033
2039
1207337
1308364
1340449
78421
345810
277518
78997
338451
67517
1338491
78563
1250690
12032
3787
346740
1366118
1233255
599
15474
78464
42903
1230
15645
1298050
1502534
78068
341213
1463565
78525
1514005
1514016
946
15396
562191
1299073
1211727
1259816
7862
1506253
341502
1226772
16032
338380
1212303
1211345
644174
209
1222078
1435147
343905
1048263
1452520
1478263
1303
126981
2524
1208942
1456735
1301309
78613
1463521
1223
8555
496952
1200984
1331267
345862
1242151
5653
338443
1207373
1242510
1221528
1230310
1290910
821396
460830
1241904
1267126
892826
1214864
1370105
1485838
1215035
880837
1239708
902335
1306170
1258930
1214601
1225026
1429420
1247959
1248215
1252173
861658
1269388
1364286
1282016
248895
345599
1201070
1203047
1268459
1219825
1485822
1219766
1256984
1428566
1218610
1194331
1219561
1289846
1485810
1268836
1434148
1219332
1290159
1444851
1248305
1242515
1257111
1478455
1290537
1338294
1244900
1289537
881910
1257906
1332968
1474794
1204635
1266713
1307015
1220528
601083
1252124
879795
1257639
1261291
1259840
894386
1247315
1321080
1262901
433931
1406387
884047
1220510
1256746
1243396
1281390
1157425
1199948
1202100
1203602
1242788
1239626
1251912
1219232
458918
865312
1219841
1205473
1259332
1278226
916857
1219744
1260239
1268582
1308566
1497662
1422583
858664
1334752
1247897
1334654
424741
892822
1329630
880851
1133058
1202707
1290817
1191706
1201591
872245
1453742
1214740
1286220
1203798
1225793
1286254
1259153
1203600
1214771
1219291
1258200
1204084
1214676
1189061
1260182
1267527
1191979
874031
1203589
1204739
1330442
1258903
1498578
891139
1269436
1206130
346335
869295
1303548
1215956
1286979
1218809
1241251
1292199
1214840
1292257
1245174
620037
1319997
1306585
1369463
1304384
1289999
1228828
1262055
1201605
1214378
1503802
1338700
878551
1291448
1215015
858250
1242845
1468565
854318
890305
1292245
1291573
1292378
870538
1289937
1289956
1362865
1204575
1228946
507726
1259505
852017
344370
431657
625414
1178739
1193739
1220559
1214816
1270174
1278578
1178581
1266809
1207646
1364077
1259638
1291632
1338766
1278584
1289770
884204
1266732
1339059
1206013
1219711
1278236
1258713
1431760
1291601
1480940
1241250
663589
1422992
1267619
890881
1332090
1190957
1334064
1291325
1256711
1291429
1267618
415892
1268477
1178357
893589
1207168
510062
882713
1290964
1286202
1292302
1292176
1259708
1248230
1224009
1291209
1284946
1289766
1202859
1255447
1324401
1291574
447848
1214241
841698
1309761
1157605
1261770
1257539
548831
1202451
1439291
1266527
1222161
1263411
1308479
1263263
291711
1290202
1290924
1244144
1338769
1303041
1258019
1290832
1259251
1196207
821475
1202376
1333851
1333803
889545
1202925
1216086
1199096
614156
1261781
1338767
1287344
1415680
1281926
1428132
1372039
842755
1219521
1282431
333425
346607
1219172
1290239
1221535
1292230
1485832
1269146
1289998
1248082
1329621
1329660
1247018
1258343
1282497
1205442
447554
1498570
1444279
486243
1198710
909659
672109
1496663
1306501
1207444
1286969
1336726
877512
1473157
1291375
1178402
1251849
1291367
1267078
1432294
1194058
1216104
1247891
1240888
1306414
1290893
1243628
1219479
884272
1282094
1291695
1203581
323087
1202030
1216103
1196233
1289794
1269198
883666
1498574
343126
864139
1473151
841532
882864
1255396
1290956
1403941
1429653
1291598
1219587
1260313
1202146
1290227
1268111
1192788
868818
884592
1291649
1367386
1387718
875973
1214902
1286246
1289784
1290205
858552
1289993
1365638
1157597
1156230
1286273
465127
1483378
1286271
900990
1247139
1228612
1292366
1290093
1387714
1292478
1358849
1207411
1282180
1207977
838411
884024
368064
1292111
1242097
1496684
1152736
1337516
1192010
876515
883927
1281963
858034
418360
901072
879706
1285860
1292095
1363301
1465076
1278238
1280031
1229283
1221958
1254739
883027
872917
1198776
1290236
1207002
1291470
1336265
1241462
1264540
1200758
1226101
1384551
1291352
1292336
1282109
1367333
1338122
1432463
1267558
1289720
853122
1214172
1444283
1405814
928605
1287914
1252191
1288801
1291336
1358564
922990
1215950
1496843
1376538
1290069
1329691
1241080
1218194
1182496
1291376
1255486
1207119
800006
1266751
1258708
1260401
1332081
1191383
671401
1217031
1290126
901867
1286964
905409
1174864
1322758
903664
928096
1259449
1260530
453151
875270
896189
844529
1204678
889384
302838
1289841
1289820
891536
1321862
1240555
822907
1251115
1333417
1206927
1417421
842043
1442258
1210910
1305334
1442277
899841
1214931
1304344
1197220
913667
1226028
1267630
1202527
1292181
1290128
1201729
1202112
1268728
1220215
1289879
1201584
1291199
1258421
1248249
1215498
1258859
1251841
1434147
1389534
892327
882885
1132850
1215928
1287005
881002
1338107
1286288
1291444
1302849
892749
1279439
1292345
913373
1269365
1207470
1291667
1240416
1262392
610369
848902
1239645
1240270
626437
1268852
1410881
1468513
1247254
1290950
1436324
1221220
1262223
1292869
1240259
1292184
1282004
1291450
1319050
1247207
832378
1332803
887465
865763
1240420
881366
1483353
1291449
1376804
924620
1239944
1282130
1457546
1268689
1258941
912546
1431653
1291454
1378813
899180
1247927
1247468
1204878
488580
933669
1248239
1268556
1192602
1303085
1207320
1201181
1219447
1219192
1264702
876413
1220695
1388281
1241399
483487
1259065
885059
1241147
1216034
1278575
1362183
1260500
1282427
1286989
855601
1266341
1244387
559981
1288698
1202886
1141178
1239530
1266526
1244220
546883
1358986
1259315
1289790
1333414
559458
1247902
1262902
1456049
1290219
1447027
1472109
1468572
647580
871105
1290943
1485820
1219815
1219563
1290829
1214762
1419223
1292301
1214262
1214968
1286261
1290939
851830
1157454
1258423
1289962
1290878
1267214
1219564
925481
1243401
1292370
1289860
1290188
1206971
1242656
1243789
1266655
1204016
1244864
1418681
1243805
1260762
572142
890212
1278095
1195096
1324507
1256567
1258732
1383100
1282713
837769
907643
1259900
1251917
1257352
1262894
671983
1220388
1293086
458130
1247885
1291664
873027
660598
1292126
1292346
1228023
1337633
1389399
1259805
1388280
1303135
1332127
1213982
1279168
1225858
1241067
905951
900117
1289262
1258069
1291586
890620
1217316
899617
429907
510198
1302794
875807
1460559
1290175
472491
873478
837729
1338770
1266950
1286961
1290104
1332768
1268173
1192159
1472092
1243806
1496790
1417033
912064
844390
1260205
1475510
1239412
1268519
1290005
535455
1242996
868626
1291530
1289915
1290193
1306576
1206478
833885
1222202
1253614
1279001
1322064
1206953
1290244
1261333
1370613
882179
1267815
1329605
1215851
1291289
850437
920498
1214895
1218831
1268973
1162836
