249342
344990
1182552
246714
1211482
1200486
445957
78460
1212592
248170
1175253
346178
42964
1225632
1217236
346272
1208282
1212512
341178
672130
1203084
342166
577564
1204720
123
11237
341737
1208748
338463
341628
1198178
343720
1217513
1211538
341138
1203437
1217402
1210830
345036
71946
248566
78480
1244875
1216446
340946
1215599
670240
1206710
341213
345991
342901
1208942
1242510
1203554
341516
1204714
343208
338493
1207271
1229768
1218253
342791
246596
344649
1240159
1200978
1203575
1216365
1204622
346096
78490
1284152
257739
341897
1246998
1219776
1219837
1200265
247948
248907
1190351
1217650
1289118
247083
672331
1199621
341624
248639
1203528
1208122
1403538
1218190
1203884
1198977
342062
1240815
1226763
1204774
1215305
592271
346637
1170241
343070
1227585
1216355
249165
1207042
345655
248162
334625
341035
344950
1216914
1281841
1251042
858598
338385
344292
1203310
1136568
1198986
1139994
341944
343136
1204476
1217637
342754
1240664
341941
1209260
1220713
1234403
1229836
1324712
512445
1216326
1204093
367738
1163201
1448163
1208342
1198439
1048288
1132716
1238802
1198828
338426
886701
1220736
1229915
1238362
1203768
1302907
1247231
1250659
1440777
1217651
1229749
1197626
338400
1197181
1240025
1208008
1284148
420752
879019
1196151
1209159
1215919
1216372
1213291
1215949
368112
346395
343667
1213193
1199446
345870
1324397
1219072
1213098
1229020
1248258
1211063
828745
1303113
1203668
1203325
1443124
1177407
342607
1218298
672164
336834
1259811
1321387
1205514
1302973
1324399
1291721
1206089
246394
1156928
332023
1215124
1205843
1251810
334926
1280961
1239376
342900
1212413
346465
1215617
1217020
1218522
1206145
1217786
569712
343762
1281899
1187437
1204144
336945
1222606
1243427
1239679
1200609
1189514
1212344
896511
1235235
1215863
410641
1187535
1218508
1165276
419500
1229629
1198706
1403942
1198213
411975
1265031
1236912
1242739
367845
344162
535895
1258568
1251366
1203392
1229950
1196215
1210869
343972
1225899
1359749
1214770
1198748
1281825
1248303
1228929
1217182
1215843
1219474
342165
1216346
1206223
1229963
1233868
1242133
1229712
1187542
1202793
1281834
672382
1208463
1225589
341276
884681
1208148
456553
1219204
1191852
1189877
1182289
1288906
1189938
1288576
451947
345942
1229072
1251640
345593
1218230
346339
344348
1219692
839048
1207418
1197339
1218299
1249402
342983
1203436
1219901
1450585
344551
345013
338473
343176
1251041
558931
1241268
1215094
1220375
1141500
337235
1217434
1247389
1220575
1302867
1496969
1252016
257664
475721
1247501
1207707
257308
870593
1245162
1468494
1205608
1212732
1250628
345058
346015
1229882
1199188
1251607
1212533
1233320
1240111
881837
1201578
1220905
1219270
1183637
1215306
1251019
589649
1251531
367855
1242008
1225025
889676
1215593
1218715
574089
1222388
1288834
1215593
1218715
1281975
341578
1156365
341217
1329485
1290700
1329535
1207344
1285182
1243702
1219153
1203746
1214756
345493
1242462
1202745
1460337
342930
1213383
1132494
1200272
1187498
1474741
1374812
248920
1212982
1474729
1356725
1215629
337105
1329454
248920
1374812
1197507
1216296
1229774
1215702
528054
492725
1208456
1198455
1212982
1204053
1214522
367924
1199029
1285691
329733
1239003
341999
493549
1218072
246835
1421707
1215407
639019
1213080
1229218
1215407
1238696
345867
1214920
1217026
1403594
1366987
639019
666793
1205324
1329564
1251483
1207103
1281913
1220838
1142125
1227245
1203210
512230
1221923
342242
1244876
1288498
1238946
1203603
1204876
635863
1441932
1229214
1220908
1228049
1196131
1251370
1197705
1205507
1215368
1265120
1213191
1214941
1223430
1219265
1247903
342753
344983
1220084
1228750
1201381
342412
343793
1238731
1217296
1180993
1242072
1234711
1206858
344323
346762
1219167
1215199
1239475
1219797
1217251
1212787
439495
1215461
1229299
1239879
1207335
1157354
342526
1203686
1247133
1245169
1282477
1266354
1229700
1241388
562548
1238780
1203455
1218455
1204674
1290279
1251387
1321422
1251462
1288710
1307013
1219418
1291877
884114
1266467
1266365
1211086
1485738
1216295
1212616
1281843
1290626
1242941
1243320
1249341
1212628
885924
1239560
1176697
861474
1282108
1218851
1156012
1206838
1219453
1201140
1218730
1216353
1204410
1207333
1381583
1240075
1239555
1474745
667783
1242569
1251730
1225778
1163228
1282734
1206704
1212751
1211325
1251368
1218274
1207461
529193
1240003
1198834
1207000
1412733
1219463
337896
1231814
1200045
344771
1306795
367741
1198577
344135
1289092
426575
1204410
1381583
1225778
1215569
1239555
1240075
672137
1227737
1251730
1238930
1215824
1264951
1218424
1218718
1203156
1233284
1285183
1217885
1251629
1321565
1216311
1199974
1288613
1216408
1367009
345174
1204800
1288814
1204800
345174
1230179
1227003
1283771
1330316
1215527
1513864
1322630
1245024
1199331
1444236
1233154
1264135
1288415
1242942
1291645
1251066
1263950
1256294
1243388
1266846
1288743
1197584
1260863
1278133
1253938
1288505
1288539
1299581
1202456
1214982
1203641
1202419
1228046
1219071
1215941
1247960
1239406
1239598
1190831
1303656
1301667
1254652
1215598
1215527
1330316
1322630
1227003
1513864
1283771
1263950
1291645
1288505
1289142
1222190
1251066
1199331
1444236
1254286
1182769
1212554
1267499
341540
1190368
1299581
1303665
1220625
1214399
1218583
78537
1282960
1218563
1230352
1290731
257218
1206839
1291906
1289044
1250660
1215965
471377
1132399
1225118
1375012
1374798
1220437
1308304
918040
1308304
1289044
1250660
1279815
342376
1190481
1215965
1205322
1215478
1153949
1220437
1225118
1244860
1204506
1279902
48160
477517
1251107
1196183
1220779
1206565
1216387
446876
1242145
1267851
1182553
1304230
1378572
1302813
1212772
1242145
1280028
1182553
1245108
1382764
1304230
446876
1207495
1261225
471377
601251
1378572
1238706
1260420
1239946
1200245
1197465
1221933
1216011
1219178
1381586
1251852
1214680
1219203
1302983
1215615
1239849
351472
574116
1288781
1219881
1204493
338410
1215519
479074
1214680
1229912
1229741
1219203
1251311
1178306
1381586
1170385
345000
1215550
1251037
574116
454617
341674
1215615
1214623
1221025
1288781
343499
1239849
1308307
1302983
1209068
346141
1395389
1214623
1395389
454617
341674
367968
1132264
1043863
1450946
1375086
1472067
1227164
1158398
1201231
1227305
368234
1247814
1242612
883239
1208869
1309241
1240409
1190490
1215904
1247064
1385201
1208934
664310
1258956
1198467
1265913
1247064
1240409
1309241
664310
1381595
1208934
248125
1194411
1333404
1422258
1323605
337129
1263919
1307226
332394
1303247
726786
257454
1221356
299111
349239
881988
1216374
1227610
1218373
1285186
1215456
1256720
902043
1265913
1323605
1216374
1263919
332394
1303247
1218373
1267933
257454
1221356
299111
1372972
367746
1333404
248125
1194411
1265050
1289565
1281965
1329562
1307226
337129
1227610
349239
1256720
881988
1448809
1215456
1285186
1269369
1250775
1290489
1238695
1337327
672374
1177952
1247375
1241351
1218052
1281369
1215997
1288802
1256796
1233373
1251378
1303924
1288564
1217141
1445502
1432238
1154306
1281378
1497132
879732
1222209
1266842
1251049
1281950
1203681
1421638
1266842
1203681
1261896
1289143
1237280
1249531
1265183
1265191
1374821
1247382
1291799
1212309
1402588
1436227
492964
868476
327317
1217373
1290554
1206225
1250768
1233357
1244914
1336713
1218565
1251657
1251676
1154662
1241216
1251032
880176
337068
1234415
1213057
1189889
1246908
1242461
1444798
880525
1132373
1178155
1213268
1242978
1198558
346394
1293901
1219359
1216228
321077
1219301
1204413
1202510
1218158
1204096
904605
345796
1225689
1225014
1212979
1221397
485804
1221404
1337487
1427376
1220172
1212331
1241635
1214991
1215531
1207577
343447
1233966
1244166
1236504
1241352
485171
1251080
1216328
1224826
1218530
1205005
1225445
1378260
914817
1268776
1236426
1246945
1384652
1254758
1227060
1265385
345709
341502
346740
1226772
1501763
1261245
340842
1206710
345023
1298050
1207337
1331540
78525
1514016
14578
493
7862
312974
1255080
3787
1395420
1515202
14583
1230
644174
1480522
1452520
1222078
343012
1432808
625
1387938
1387906
1387917
1387899
1387926
1374802
1374795
1375103
1375066
1388503
1265709
1388522
1387867
1387841
1387854
1387850
1387872
1387883
1387511
1387505
1387501
1387537
1387539
1387523
1387535
1387577
1387596
1388820
1388824
1388864
1388862
1388847
1388886
1266955
1381600
1387993
1304087
1338417
1282776
1251482
1290457
1359049
1282708
1446060
1215136
1303953
1288408
1266480
1288839
1417032
882086
1433741
1157247
1332364
1330097
1241471
1386075
1288770
1045314
1217143
800758
1268877
1431222
1306976
931824
877276
1240200
1240167
1483311
1191051
1289500
1477505
1251704
1414400
1288612
1331992
1364681
862796
1240140
1428792
1240897
1404275
1267123
1289542
865210
1485789
625400
1468492
911330
1254308
1263922
1427404
1340131
489297
1386064
1428073
1480913
1359876
1289478
1265521
1245205
1449849
1251744
1289520
1289672
1306922
1307001
1264094
897984
858908
1263915
1267098
1289153
1175900
1251089
1281958
1265893
1473146
1251048
1248052
1251553
1215943
1362564
250234
1260534
1240782
1214265
1331807
1265318
550324
1289335
824197
1262257
1247316
1331778
1242460
1289467
1277941
1201554
1248197
1280660
1289376
1266899
1319647
552970
1245272
1248282
1229357
1309919
1243249
1435290
1260320
1388277
1417068
908083
1247816
1286216
1251753
1189934
1262020
1267423
1289082
1265463
1292435
1472408
1267232
1372699
1230350
943265
1289379
1386065
1265077
1218965
1261240
1329549
1338047
1251405
1176187
1285694
1264911
1251518
1288916
1308273
803226
1218355
1288642
516822
1251589
866555
1268641
879575
1290774
1281949
1290667
1285690
1248241
1290545
1278301
822423
1496774
1291129
1132554
1447869
1266256
1158061
1346684
1323688
1289759
1496936
1260678
1281362
1338257
1366212
1288621
1207678
1216361
1248137
1288520
1239528
1288689
1300897
1442757
1329524
1306846
1221488
1290662
1288411
1230305
1267545
1405660
1277469
1290723
1197704
1286897
668236
1228227
1242063
1472079
1447117
1278819
1343430
809934
1267911
1457541
1302889
1290762
798263
1289040
444700
1251586
1444174
819855
1265286
1248123
1263945
1260709
1247306
909805
1361671
1247486
1267857
1245264
1247081
1251768
1248528
1337002
1265687
1288550
776377
1266623
1332135
1386056
1240317
631929
1255900
631217
1247932
1468473
1233237
651041
1426639
1157262
1266627
278445
1330234
1282668
1195415
1281925
1289594
1157631
1230247
1251059
881866
1251361
1303207
1184084
1288746
1263202
1387022
1444028
1245242
1286916
540103
1433760
1416301
1289498
1288511
1225515
1290558
1321846
1329578
1329543
1248199
1438106
1445659
1229793
1281384
1282754
1289301
1329513
1429431
926286
1422097
1338290
960015
1222981
1251322
1290742
584065
1329561
1240120
1464145
1289412
1281445
873866
561207
1331785
1289284
1333032
1289669
1247318
1306775
1258586
1229491
1246918
1288717
1251678
1384225
886876
1251627
1157303
1289292
1329571
1338692
1368630
879216
1370937
849372
882228
1240267
1250879
1262692
1325049
1209006
1214562
1281870
1289114
1434146
1329341
1439268
1215166
1204471
1221882
538656
898278
1290513
1242566
1202088
1278134
849601
1263994
1322211
1498560
1285915
1201080
1221449
1290665
760478
890502
1288527
1306665
1460733
1289187
1302870
1288684
1289524
1264176
1265784
1230138
1281954
1288424
1279819
1289200
1468500
1282892
886511
1221565
1266544
1343480
1406342
1282761
1251468
1295772
1356737
1386061
1288845
1242580
1290795
1288387
1241507
1289407
1438134
1288798
1242861
1290553
1286912
1282944
1289411
1289010
1243810
1262233
1289224
1370825
1221592
1288552
1251804
1243390
1247802
1239970
1371265
1251363
1291141
1404731
882333
1281777
1258412
1329547
1288878
957546
909061
1307054
813388
1196827
1239690
1288865
1483330
1251582
1376046
1310195
1264082
1243014
1266121
1288516
1288901
1441079
1320155
1280723
1329447
1258904
1336714
1254521
1332960
1331805
1225466
1306313
1251647
1244198
1243824
1485759
1266850
1422695
1240502
1251621
1485772
1251630
1258096
1251020
1452993
1378076
1265548
1242849
1365635
1427310
1447696
1384816
1449992
1306899
1157810
1244157
1277474
1292158
1306820
936428
1219629
1142453
1251480
1364684
1257675
896686
1217754
1468488
1247955
1256440
1412715
1445095
1268788
1288467
1265552
1468481
1282144
1325222
1332775
1288374
1268074
1225738
1281308
1269181
1330310
1269538
1289554
327061
1406340
1207664
1288523
1279901
1256677
1204769
1338044
1288487
1278290
1369329
1267544
1474759
1281920
1264920
1247785
1496954
1288912
1279345
1430002
1416291
1472062
1256923
596533
882524
838399
900480
1260506
1264982
1243800
888970
884054
1505127
1289166
1306690
1324822
853463
871871
1243269
638092
1240879
1480919
1324595
1290767
1290728
1239952
1282457
556494
1285638
1378367
1153596
1309844
1289526
1266636
1425245
1417245
1245150
1265046
1191074
1266792
1266864
1442885
1346121
1251701
1302890
1261688
1356889
1264941
1288501
1289438
1289345
1251726
1417988
455643
1226612
1291613
1291882
1251555
1291148
1215455
1469448
1174798
871850
1289709
1282955
1157035
1303349
1178274
1221549
1446505
1291082
1286934
1331794
1303018
1264000
1282945
1338416
1447028
451680
1367309
1288795
1432601
915109
1441703
1290812
337855
1251078
1264877
466919
1215137
1219199
1244159
1251770
1485760
1204141
1483302
1267265
1286207
1288604
1265617
1251082
1288830
1247045
1289311
1291797
1266235
1288444
1288616
1418848
1251388
1289147
1457542
416019
1290737
1239961
1288480
1251773
1239494
1221478
1266534
1221400
1281895
1265553
1257529
1157018
1212516
1290609
1244199
1464163
1338036
1206910
1404268
1269125
1251409
1251750
1290567
1320908
888317
1356738
1278540
1239385
1240152
1244164
1281861
892592
1220616
1265777
1229860
1447838
1290789
1251619
1417971
1289896
1429843
1220450
1290668
1290549
338041
1362180
552206
1357538
900775
1190771
1259878
1251123
1248032
1291968
1430488
1268550
1280656
1428204
1260861
885465
1266815
1288643
1225784
1242504
1460115
869580
410602
1483332
896880
1195326
1366206
1265408
1247437
874754
860006
464813
1267744
1289683
1288672
1253927
1441843
1257145
1402587
1379100
1306350
847412
539514
1334214
1287297
1163296
1264937
1251693
1329541
922285
1485763
1310691
1442234
1289388
1256257
848168
1477503
854943
1306781
1251056
1251808
1294316
1247807
1221444
1290498
885783
1219399
1250744
1219138
1485775
882599
1221392
1365320
893844
1229801
1262697
1294461
1338693
1307139
1263999
880960
888779
594099
1251021
1376559
1360276
1415677
1265135
1288470
1289637
1422577
1281515
1287959
1289220
1307227
1261360
618522
1218996
1268801
1282882
1267975
1288600
1485745
880322
1386081
1242190
1241122
1290727
1288774
1291976
1411322
1268909
1202469
1440906
1226042
1216357
1288828
1289380
1247168
1230191
1310706
1290713
1290621
1259374
1251699
1268392
875892
1288436
1251526
1291900
1241276
904599
1204212
1202728
