1218091
1464115
1211270
248906
248172
1243239
1212
1218029
1277939
247949
1218273
1235560
344869
1189879
1260459
246061
360504
1230121
1250952
1230509
1292382
1215201
580298
1228869
1215605
1206605
1258394
1198925
1233150
345875
1190122
247295
1218141
341139
359377
246264
1229534
1243361
342903
345808
1292
343473
1226057
410629
1206875
1219454
1167831
337625
247730
1279731
1212492
1251281
1250700
1216383
1278409
1300298
1174518
1251955
1229799
1207959
1207959
1207254
1227611
1217041
1239844
1258063
443387
1197417
1364137
1197498
344328
1249366
1218215
1207237
503342
1228776
672279
1250690
1233255
1211727
1211345
1222078
1217125
1257417
1218727
1288063
341220
1163219
1238862
346629
1258163
414997
1242431
1210950
248123
342146
1229702
1416616
507792
345419
1254277
1242130
1239976
1229697
1203673
1279988
1170287
1297995
1214683
1216194
1209269
1239544
1240397
1215114
1206836
74419
331776
1213262
1278295
346559
1300265
346452
1229062
72587
597919
367737
1229683
341229
1250341
1226516
1214652
1211698
1250662
1277644
1288135
346765
1300056
1210978
1237279
1284949
1253931
342773
1295919
1219670
1277982
1238837
1221344
1365193
1371538
1260354
1329190
1213293
1295309
1245589
246973
1382895
1222131
1298348
1376036
1256848
1229057
1215787
1203740
1278458
1215786
1221339
1261203
1217351
1281912
344262
1227006
907653
1300417
1238399
1205779
344757
1203825
1215734
1262590
246300
902819
1206824
367812
1307551
1204589
1240752
1208427
1250934
346640
1245196
445609
1219401
1263827
672379
1234461
1203046
1226558
345621
1225993
1285448
1294605
341379
343133
345397
1229688
1293541
1212353
1278549
1305324
1321011
1278549
1305324
1321011
1219932
1257532
1207260
1216447
1284264
1197934
894477
1251174
346121
1300512
1215714
1278418
605319
1190383
1511418
1278145
1242243
1205790
1240850
1221113
1460712
1300727
1242079
343366
1513489
1225696
1320544
1225696
1513489
1203182
1201270
1319762
1220571
1205909
1279762
1229403
1304496
883196
1239281
1299799
1284600
1206157
1282821
1207185
1299783
1285563
1280714
346690
626524
457445
1132247
1299514
1299475
1216142
841347
345172
1214710
345172
1250765
1218156
1214710
1218506
1300983
1262593
1300174
887623
1229223
1299447
1214838
1298794
1222930
1219420
1174650
1216267
1237102
1299966
1215867
341823
1225846
1251235
1309689
1263074
1239678
1278127
1256872
1299332
1369321
672155
1204080
1300243
1215317
515720
1244874
1205582
1306849
1228761
1243918
1217941
1302616
1254010
1216185
1206829
1177340
1241194
1281815
899977
1229423
1288983
1374562
1302624
1283759
1284128
1259432
1285825
1332761
1220572
1227647
1301580
1279730
1353685
1300883
1262185
345552
1250943
1220572
1229819
1298827
1300513
1329205
1215921
1218323
1251817
1287616
1277467
1225543
1201711
1381568
1250872
1244839
1284657
1218191
1247299
1294935
1251221
1221567
1203811
1215716
1217469
1299161
1288933
1251223
1243912
1284337
1217246
914197
1319037
1288157
1305351
1217024
1332224
1300465
539078
1300467
1281297
257415
1365192
1359396
1158129
1514099
1299685
1457088
1309559
872568
1229752
1206717
1217859
1263381
1281596
1299838
1238834
1374727
1230126
1250873
614555
1366526
1184988
1306711
1279014
1220833
1221243
1217502
1263228
1230152
1251260
1281239
1284333
1219680
1246335
1300881
1212500
1301108
1208914
1132519
1301455
1248213
1257150
1361794
1219502
1257207
1321275
1299846
1305044
1212949
336934
1300402
1214159
1238953
1287567
1284719
1282054
1428536
1242094
1216179
1280602
345797
1287967
1238976
1216399
346172
581264
1206867
1248042
335587
906358
344197
1292607
1217809
1206867
1248042
335587
1300170
1215516
1278188
1225076
1239282
1250717
1217497
1254390
1233318
1324998
1229338
1268562
1263783
1260373
1303732
1299906
1244837
1261353
342867
1215747
1305200
1229921
1156894
1284594
1250947
1297558
1225975
1305200
1229921
1270290
1302091
356336
1260970
336701
1229046
1215326
1296904
1246861
1298696
1284118
1298430
1323838
1299652
1239171
1261145
1201373
1260969
1448164
1233227
1261180
1300294
1292404
1285928
1247079
1268843
1250665
1279770
1250665
1233328
1285718
1324720
1288170
1290438
1428858
1373877
1307630
1216235
1219602
1296325
1288950
1323443
1240859
1321734
1226129
1300951
1221817
1307018
1228873
1287638
1228067
1300271
1251258
1259316
1373843
1281353
1309562
1364384
1255701
1223584
1309416
1287539
1324720
1259316
1300271
1287638
1251258
1290438
1300951
1221817
1307018
1228067
1299452
1281353
557244
966372
1217388
1346665
1243402
1300139
1298937
1320882
1234382
1310104
1240859
1217605
1438232
1296325
1226129
1242748
1288950
1323443
1278428
1295007
1280603
1270034
1278455
1280669
1299285
1297788
1257534
1298355
1246976
1212723
1334166
1206695
1261671
1299715
1244021
1258847
1512780
1285810
1285811
1329127
1444583
1306865
1226611
1299754
1242240
1299518
1212675
1214981
1334252
1300229
1335628
1300890
1483267
1219226
1329122
1333436
1265469
1230349
1302153
1309202
856666
894180
1258634
1204287
1215586
1025204
1322916
1300247
343329
1284307
1297562
1329274
1446046
1262069
1261166
1284414
1241421
1250673
1299219
1300213
1373612
1373608
1294614
1438132
1263680
1219701
1214999
1279995
1287849
876107
1219110
1256964
1337030
1309175
1384754
1257071
1300421
1243904
1303461
1300771
1261897
1285065
1483264
1216025
1305047
1369028
1299546
1242213
1300775
1219141
1301058
1282056
1218066
1297891
1250885
1310128
1288997
1250961
1281097
1285550
1303110
1281247
1279324
1290302
1253952
905675
1281612
1264110
1206248
1206854
1263710
1254751
1263680
1305047
1257071
1261897
1483264
1285065
1216025
1203691
1306399
1300963
1300502
1258033
341989
1250723
1264110
1278195
644501
1298707
1379098
1226514
1286769
1206248
1263710
1240378
1206854
1261862
1254751
599746
485646
1213175
345444
1300154
1288263
1262373
1218281
1282574
1263748
1248314
1284729
1239001
1277527
1300759
1215022
1263620
836752
1278080
1254021
1287974
1215938
1260398
1241190
1426741
1310109
1259084
12752
1324498
1279692
1277746
1360212
1262172
1296312
1299849
1298850
1282789
1309177
1229781
1290595
1321693
1282361
1278434
346825
1240219
1219751
1239982
1301149
1445771
1285809
1257148
1278398
1299376
1242218
1300777
1258974
1212192
1300525
343987
1221357
1239922
503359
503359
1287563
1251011
1251218
1250623
1374388
1242218
1288290
1283762
1276048
1304431
1284486
1284450
1293649
1287923
1292101
1250929
1250942
344653
1299392
1220446
1329265
1373616
246277
1197814
1285036
1242235
1266316
1282355
1258974
1242235
1212192
1286132
1132408
1225394
1300493
1453411
1301351
1286877
1291759
1263624
522496
1241418
1219638
1281781
1280791
1309714
1300393
1291051
1240101
1297360
1238986
1263359
1299519
1244829
1288256
1255713
1222246
1243265
1358795
1220738
1285499
459611
505925
1278596
337931
1308847
1378074
1280963
1307770
1234116
1284211
1216231
1308363
1277454
1369323
1446699
898387
1297012
1373888
1290349
1300356
1250634
354211
1321926
1304605
1229154
1291042
879930
1250702
1303044
1282817
879930
1285216
1243324
1285621
1248502
1258363
1250997
1280105
1257814
1305255
1290253
1250702
1277454
1321926
1369323
1305438
1216819
1261127
1217441
1300860
1254051
1216013
1377421
1197466
249863
1284559
1285619
1323864
1219481
1215829
1306621
1205888
1253454
1198265
342893
1280053
1286031
1227031
1226613
1247509
1427588
1285590
1285011
1299673
1373611
1284135
1320400
1265219
1331628
1450007
1224898
1278187
1382103
1299554
1204421
476263
1220730
1300314
1249199
1299554
1299580
1278499
1262747
1301608
1298856
1204421
476263
1220730
1278187
1382103
1205782
1309798
1206226
1322261
1278196
1220710
1278147
1381864
1340450
1287858
1298416
894285
1373618
1285545
1220569
445395
1227005
497719
1354520
1423433
1288037
651988
365627
1287745
1288009
1353748
1283295
1386575
1286123
1308971
1338645
1262556
1302067
368260
1217857
1298448
1279725
1233278
1248488
1286801
1250958
1242017
1206415
1364169
1301120
1426629
1303475
1178432
1287635
1426629
1281642
1206415
1303475
1178432
1281104
1282371
1281118
1287600
1278421
1319173
1385493
1385480
1353775
1270056
1385447
1385464
1385419
625
1375
1456737
780
78153
19273
1424022
1199011
342598
2640
1415055
1228771
1355662
346103
1490959
503342
1207237
1255080
968
78619
1483129
1356218
247259
646
1261245
1291138
247822
14583
1001
51464
1412992
1287590
51464
246970
334722
10545
1491863
345064
430
1228776
1308844
343270
670240
488
1428033
1464388
672279
2039
1308364
1207337
345810
1340449
78421
277518
78997
338451
67517
1338491
78563
346740
1290717
1497166
1251276
1292385
1290363
1299565
1307479
1259925
364087
1328932
1301269
1306816
1286854
1322086
578983
1301126
1291739
1376038
1302048
1288032
1357892
1425292
1302625
1218745
1279141
1497425
303923
1291137
1288207
1359616
787943
1284249
650198
1473299
1454569
1503728
1288159
1290369
1323422
1299828
1405347
1288057
1480843
1299489
1468441
1222097
1290631
1371168
1320972
1432684
1378862
1483294
1241812
1422959
642733
1250905
1473135
1306728
854749
1429707
1247776
1305205
1306864
1329261
1288164
1217094
1299538
1389980
1250807
987401
1269566
1465053
1340126
1285838
1332992
1365625
1383342
1281157
1339382
1324421
1309482
1329302
1334057
1400623
859544
1239606
1384946
1359614
1384945
1293062
1305003
1252179
1318987
1250912
1307866
1288002
1450269
1370215
1306136
1300494
1331631
1300574
1288935
1480903
1497212
1337799
1472038
1300526
1300309
1426704
1331928
1430212
1291482
1224137
1448752
1325025
1472008
1366214
1221641
1287747
1331618
1282394
1325217
1307254
1357217
1260733
843264
1287996
1329238
1290287
1446548
1286144
1383652
1285960
1389953
1250776
1293127
1278465
1283795
1468419
1286412
1360891
1263605
1359320
1429213
1309126
1358927
1263675
1286866
1299656
1322814
286890
1363761
1480904
1333623
1260854
1287884
1281791
1416876
1305070
1305382
1243786
1258396
1422570
1370703
1291725
1300796
1338014
1334249
1301326
1261311
1324201
1415775
1429734
1239947
1430938
889530
1301155
1216000
1292413
1300711
1422093
1324435
1279325
1300178
1477554
1337400
1277798
1285544
1306853
1485715
1293076
336752
1358429
1448695
1286124
1435665
1359044
1269798
1424678
1287690
1278213
1243024
1285368
1305173
1285476
1389553
1289515
1307420
1277985
1301274
1268253
1288953
1300210
1369314
1431078
1332521
1251044
1323672
1298868
1290656
1254016
1287971
1284341
1302066
1300161
1291785
1305327
1329420
1480862
524908
1286772
1250834
1287744
1300803
1286875
1480889
1287267
1263177
435392
1331677
1343429
1306613
864039
1299451
1283760
1252000
1282357
1229382
1247979
1287595
1338677
440824
1298441
1439486
1253941
1291691
848279
1288329
1369312
1376541
1281780
1320648
1425893
1474689
1250944
1290304
1332227
1474712
1278112
1202901
1324390
1291736
1446773
1422573
1266982
1371191
1367304
1308011
1473126
828048
1262867
1473125
1253972
1458600
1428044
1291136
1288174
1474692
1472003
1201674
1439277
1285477
1458098
1280169
1320449
1300991
1282482
1334298
1452223
1279773
1329326
1478439
1280948
903264
881942
1321319
1286238
1290447
1262442
1302072
1306460
1305099
1357349
1263723
1300749
1332372
1375348
777519
1497048
1321393
1287202
1421103
1285047
1288179
1264530
1329295
1416830
1339020
1294311
1443372
1339380
1363488
1446890
1477555
1278172
1324250
1331711
1425072
1371338
1278414
1217659
1386032
1332573
1281240
1306873
1277517
1288120
1300238
421205
1287991
1306885
1287896
1444853
1428747
1504750
1459803
1307230
1306499
1286059
1339383
1263581
1324140
1302941
1367360
1281807
1389554
1418840
1306593
1269572
1443213
1299553
1206594
1288192
1302052
1368195
1417227
1263613
1262672
1336401
1338678
1287664
866211
1373467
1417228
1454524
1331754
1291767
1300410
1361766
1430600
1473124
1301175
1430902
1301357
1281782
1282710
1367363
1299467
1267655
521004
1449335
1295743
1456755
1320370
1458625
1301324
1286828
1422090
1321708
1286868
1306923
1446516
1281248
905912
1278957
1307189
1279060
1286128
1483252
1260856
1286130
1320570
1376537
1358309
1290291
1458012
1431215
1443856
1305249
1450099
1329258
1299536
1472397
1263026
1287639
1325011
1497412
1281092
1480873
1370591
899628
1458181
1216293
1257227
1282480
1406538
1299837
1337900
1307087
1369876
1251072
861189
1307748
1374917
1289086
1436999
1365989
1379972
1468360
1299492
1291755
1286881
1404733
868182
1369569
1288275
1337800
1332436
1426707
1281098
1299672
1331663
645658
1279991
1330666
1281821
1435289
1300346
1472029
1300169
1334747
1254086
1389933
1287972
1480902
1305389
1308233
1473131
1300806
893860
1335278
1263652
1406344
1471997
1332190
1300810
1323118
1369315
1428721
1261915
1362690
1285070
1226052
1321839
1288217
1430901
1286147
1318839
1323913
1266056
1431320
1243310
1287668
1190714
1331557
1284724
1286810
1359794
1300511
1321166
1279086
1486586
1247881
1327273
1474707
1300423
883161
1380282
1287548
1299417
1302061
1431473
1299854
894219
832391
1323551
1359791
1457539
1287840
1301681
1324085
1322114
904735
1338673
1305915
841637
1284999
1190724
1266672
1372513
1359047
1452370
1250931
1401693
1240257
1299756
1288533
1289536
1281811
1300740
1365438
1253570
1229675
1514195
1328761
1296967
1306559
1512970
1301004
1359986
1197148
1228120
878892
1508057
1508445
1276958
1511759
1295683
1512599
1512883
1512589
1365689
1508076
1512802
1511685
1512882
1257515
1280051
1300828
1291729
1262781
1300584
1250959
1286817
1477130
1258678
1287793
1509752
873126
879427
1207670
1300895
1254289
1386782
1415675
1291040
1297094
1300910
1285367
1301147
1279944
1289269
1262426
1269881
1429930
1304976
1261358
1299474
1302065
1305194
1305176
1299636
1338605
1281511
1297563
1360903
1370700
1285054
1262755
1299378
1295742
1295740
1263453
1286861
1334250
1300621
1220767
1356938
1333066
1241921
1239752
1253929
1262089
1218114
1263193
1259923
1305023
1321406
1485701
1305137
1444026
1297071
1305059
1280192
1278177
1285540
1289039
1373869
1299508
1299591
1299499
864168
1323780
1219214
1318983
1361674
1387354
1508081
1287640
1306990
1300911
1503478
1250703
1300761
1203820
879508
1508876
1373871
1334815
1293064
1305445
338324
1229808
1292152
1258398
1262562
1287879
1158341
1306992
1208423
1374919
884274
1485694
1448051
1322295
1285267
1281645
873460
1264712
1302051
1286784
1288938
1287675
1362176
337874
1303097
1305101
1287587
1373867
1281242
345780
1279936
1286882
1263490
1216132
634325
1307109
1515527
1296986
1269871
1288278
1477034
1403701
1429678
1485679
1300623
1263693
1263685
1324690
434552
1206037
1258696
354810
892062
891949
1291028
1477034
1367995
1339021
1403701
1259579
1429678
1319488
1300370
1228857
1361792
1363260
1357608
1299545
1288067
1288218
1281194
1319902
1284239
1229225
1284633
1300290
1305240
1307168
1263618
1329153
1254007
1297895
1280796
1306726
1285551
1370214
1386775
1334031
1309042
1430045
1287738
1300281
1365987
1294308
1516192
1383964
1280946
1219341
1357552
1330303
1358128
1215153
1358128
1357552
1300461
1298786
1203442
1299746
1250982
1302274
1309446
1287697
1338659
1299824
1205321
1286872
1262559
1426919
1284208
1329329
1261070
1243408
1281614
1300403
1250910
1225759
1477127
1205502
1449153
1284042
1300628
1286802
1286802
1251244
1299798
1477127
1281614
345728
1243408
1289441
1225759
1323130
1261286
1308572
1334049
1280606
1280141
1307245
1320619
1263673
1300283
1292603
1426915
1455988
1308493
1333933
1219665
1218430
1250948
1508900
1422571
1319989
1305315
1457538
1362170
366730
1516295
1306934
1301062
1288144
1243877
1389424
1404692
1402549
1426915
1319989
1286503
1258655
1281747
1279424
1452902
1299502
1517052
1507475
1456004
1287756
1300949
1286815
896200
1215151
341225
1285801
