1358968
1361928
1334342
1328712
1277457
346210
553231
1297973
1374364
1210778
1229845
1299144
1218142
1290570
1211269
489894
1297466
1203734
1282401
1229875
1285581
1299955
1281095
1216053
1228788
25348
1217123
1339160
1300668
1357206
247294
1301949
456826
1240838
344248
1298876
461076
1207337
345810
1298050
1303
1331267
1325487
1319818
637244
1230199
1321938
1225578
1301444
1299176
1468266
1277751
1302114
450151
1288277
1321647
1243792
1298556
1300746
1285808
1230685
1212263
1203109
1323080
341890
1368394
1218157
1297433
641887
1336825
1197684
1368406
1298321
1214142
1217576
342574
1284572
1336589
1298859
1506991
1359025
337705
1286015
1330790
1298036
1297991
1305801
1298111
1225854
1333875
1241759
336813
1298971
1302166
345809
1167118
342036
1298290
1229946
1302015
1241806
1362613
1437057
1247287
1218159
1297911
1242224
1220983
1330760
1288336
1218474
1367971
1201939
1338987
1385198
1366561
1303287
1286851
1225758
1217400
1217400
1359377
1222959
1205905
1325161
1328235
1300857
1332273
246590
1217249
1367433
1230429
1219669
1212838
1292606
1299228
338059
1471914
1278115
1331636
1298887
482186
1366343
1215389
1305342
1252260
1337590
1368323
1215685
1309134
1309134
1237925
1254005
1332149
1383470
1299627
1247810
1301940
1362047
1215300
1301478
1373009
1262682
1243732
1323280
621752
1306916
1216245
1263314
1218432
1336822
1330566
1203282
1280000
1374959
1368783
1299353
1298507
1250733
1338974
1251092
1361810
1333226
1320558
1309899
1307132
1336188
1340793
1298169
1333220
1337722
1365744
1367836
1361574
1309258
1370422
1286836
1385339
1299333
1367713
1346138
1368288
1371309
1290049
1282811
1298107
1362135
1338978
1263349
1291070
1302380
1287580
500068
1328878
1335236
1298048
1250729
1255359
1239962
1281368
1288072
1186082
246014
1229567
1248024
1188366
1301793
1320737
1300031
1321313
1381558
1207303
1216140
1337937
1219866
1302432
1229892
1299289
1375451
1337418
1321157
1298557
418207
1284548
1298392
1366817
1215767
1370174
1353263
1367781
1324995
1247112
1352699
1366647
1337776
1044199
1262259
1354969
1263253
1298109
1370683
1359439
1359069
338339
1320250
1366333
1219360
1468272
1321174
1383085
1374219
1218391
342999
1359074
1419321
1321280
1305183
1333184
1241778
1367512
1300086
1301947
1321679
1333189
1367686
1308910
1330652
1320411
1357807
1328755
1244277
1372299
1367622
1360882
1298419
1307800
1372462
1319142
1452061
1319928
1363024
1217099
1307800
1452061
1319142
1334029
1367677
1298490
1291078
1340106
1372986
1359625
1329029
1371588
1321409
1298055
1280615
1270311
1358093
1206381
1319672
1302405
1299706
1298500
1284598
1300533
1425574
1215889
1215749
345644
1367644
1453428
1339798
1369629
1340383
1297554
1336084
1301875
1298540
1325708
1370629
1298435
1372482
1297547
1196846
1300301
1207762
1370888
1350844
1363011
1372310
1436135
1385102
1217917
1279343
1421484
1281199
1218985
1328715
1334709
1328715
1218985
1279343
1281199
1229776
1330216
1422080
1334709
1361705
1375984
1405525
1358352
1285557
1351740
1287284
1363033
1326649
1299094
1372003
1331272
1332211
1300866
1381795
1307818
1217917
1421484
1355318
1326286
1367649
1301296
1367649
1334709
1337210
1305015
1310254
1297792
1297916
1285627
1299216
1376757
1229835
1277945
1307818
1326286
1365196
1338270
1280015
1214809
1229887
1309304
1372629
1299916
1339006
48205
1331283
1291791
1299312
1299310
1336104
1229526
1367689
1360690
1366838
1363147
1358702
1449458
1355052
1324312
1411391
1372337
1321721
1281202
1322067
1340375
1329590
1288268
1201124
1321006
1261532
1336702
1218021
1300460
482971
1324635
1223044
1320661
1300696
1363157
1503972
1358057
1374363
1354502
1305267
1229925
1330654
1436321
1257047
1310485
345156
1324113
1322038
1372281
1228242
1302008
1303853
1301903
1330748
1219754
1240663
1302042
1431043
1305484
1383389
342485
1338503
1297546
1324382
1446559
1340380
1369013
1340380
1369013
1330748
1301903
1331847
1417536
1219754
1240663
1367380
1372457
1298853
1250699
1416615
1326309
1242562
1321116
1372458
1323926
1371869
1406332
1319687
1357594
1253979
1321202
1380250
1321583
1301950
1376902
1360267
1416615
1371869
1242562
1321116
1301950
1360267
1253979
1357594
1308549
1359595
1366815
1301775
1227323
1370901
1371653
1283738
1321307
1298505
1300194
1280063
1369236
1322901
1367381
1299354
1300742
1360007
1242186
1258936
1319768
1358490
1214493
1441132
1473064
341373
1348505
1254642
1221289
1298552
344901
1372765
1330752
1300865
1473063
1281828
1331198
1325119
1327549
1330091
1284957
1369187
1283967
1201272
1300129
1337965
1367436
1359935
1445418
1300742
1336402
1360007
1254642
1330091
1284957
1369187
1298552
1321214
1309737
1359935
1445418
1300129
1201272
1366818
1339861
1367436
1337965
1214493
1256116
1213992
1454709
1319884
1432212
1372427
1363602
1337470
1321347
1222011
1425076
1298529
1321062
1305174
1309680
334813
1366386
1378242
1353437
1320121
1369903
1305174
1332046
1331290
1324565
1380334
1411777
1336335
1298706
1263020
1308581
1332827
1363226
343371
1331289
1372686
1310139
1215894
1370719
1324587
1337405
248803
1339371
1370314
1325175
1319476
1472956
1301858
1331323
1281440
1288076
1339820
1302281
1321534
1358958
1306914
1337630
1277858
1132254
1301756
1343369
1132338
1321731
1361699
1332847
1374856
1377172
1206627
1373845
1243843
1378032
1361785
1299347
1508139
1132254
1300175
1378032
1343369
1431279
1332851
1363022
1364394
1284821
1370094
1243398
1429601
1468260
1372413
1376774
1332877
1263104
1362249
1379347
1378232
1373406
1379886
1358846
1254576
1296940
1367747
1372463
1339349
1367656
1293070
1330351
342034
1320354
1334244
1305237
1473119
1416963
1324240
1299068
1299304
1359037
1266237
1301986
1372439
1338862
1339411
1298112
1251095
1359712
1358207
1277833
1262619
1241775
1220565
1280071
1330751
1305481
1339015
1212686
1277848
1212686
1294586
1301748
1293651
1227754
1329009
1370189
1372282
1266089
1372352
1328767
1374038
1359589
1280260
1457083
1371907
1371915
300074
1359435
1363382
1461080
1372377
1401232
1375279
1385345
1434230
1372917
1372319
1372442
1331342
1451060
1368578
1217402
1279458
1251955
247713
52550
1439096
78059
1211014
1199751
344258
1357206
11536
78054
247566
343873
521
78051
149
78786
1229799
343049
1236599
341535
246019
122704
1207959
1308442
1238846
78589
215882
1307615
1301887
1358388
1376349
1359156
1370897
1465791
1321258
1428171
1436057
1437701
1449166
1464477
1360260
1328937
1338664
1374480
1336350
1382335
1328953
1454749
1401791
1433664
1417219
562052
1327733
1455995
1298985
1325047
1445801
1454165
1460332
1262620
1305451
1309251
1243222
1359549
1319344
1359520
1428184
1335933
1416653
1465001
1361663
1326715
1328880
829141
1319368
1364455
1378852
1452946
1279471
1408700
1430210
1478419
1383392
1301885
1416822
1190644
1337009
1401763
1326723
1332513
868498
1367272
1469441
1308215
1267097
1468455
1381918
1471956
1369607
1369846
1370487
1379393
1328777
1439252
1365613
1331345
1320459
1443731
1360189
1375258
1452213
1300118
1418319
1336683
1450191
1324992
1478756
1333368
1464073
1367326
1319646
1422558
1262607
1307716
1383094
1365562
1432449
1322222
1460708
1437333
1332290
890366
1404251
1328713
1369219
1417544
1357597
1319380
486275
1298334
1370676
1321055
1405524
1369277
1373591
1388747
1452205
1405627
1301951
1383723
1322643
1324882
1244884
1432209
1465022
1325707
1401202
1383783
1338272
1441141
1368614
1449121
1471895
1307730
1376771
1471882
547885
1357806
1418834
1280965
816543
1371305
1301891
1375633
1371991
1381603
1327723
1452215
1430088
1320889
1290367
1338988
1423419
1299491
1305467
542082
1343136
1417955
1368612
1483243
1434569
1322684
1372987
1369276
610419
1336081
1460000
1443054
1359287
1428298
1370578
1434134
1324303
1370473
1305050
1343380
1428683
1475309
1433585
1370326
1474675
1365760
1464075
1449488
1328787
1298216
1383517
1360892
1429727
1356760
1383458
618605
1358697
1441205
1459293
1376347
1298296
1477548
1415655
1365311
1253580
1368687
1452624
449556
880147
530649
1369543
1456758
1307187
1477751
1363375
1464092
563093
1371403
1321943
1331369
1367679
1417058
1370204
1340087
1367941
1450026
1367382
1363223
1319365
1320390
1375999
1478429
1226278
1363171
1438227
1402541
1294625
1368505
1467803
1364055
1367192
1333243
701429
1369828
1359453
1378067
1440696
1473034
1308125
1450492
1340047
1372667
1417054
1328799
1374857
1378506
626937
1319890
1263201
1435240
326117
1362608
1417541
1374039
1330072
1370905
1298508
1434721
1375641
1362549
1325181
1376003
1227128
1389398
1464090
1459532
1367984
1425167
1337728
1480834
1152335
1321079
1473050
870384
1441135
1321078
1325468
1453352
1323745
1319004
1427561
1410877
1305821
1306886
1297955
1322072
1370608
1331863
1330673
1501946
1416693
1319462
1361368
1454465
1471925
1305418
1416263
1305480
1357226
1362155
1334119
1422143
1372012
832890
1380621
1451604
1370690
1319726
1360264
1370688
1475316
1319987
1362704
1408712
1370169
1451605
1327737
1372639
1331541
1404254
1458009
1369290
1335682
1219131
1372495
1331587
1435992
1323759
1426966
1286240
1416821
1471879
1329052
1365840
1440909
1405268
1327932
900577
1359590
1324308
1383393
1319040
1422167
1370203
1358111
1387695
1464074
1330747
1321491
1468236
1335957
1435280
1366367
1508868
1373887
1381400
1370470
1320724
1329067
1449302
1367288
1367288
1503288
1417299
1422027
1512171
1371237
1450521
1323543
1429675
1370675
1289651
1362247
1308012
1305093
873249
840879
1331288
1368475
1298910
1442193
1301985
1329069
1306906
1278002
616209
1226899
1512465
1508957
1513538
1324780
1513125
357757
1372913
1411282
1370335
1509638
1429729
1319460
1359586
1319872
1473111
1509492
1423420
1218431
1416777
1298780
1370102
1429372
1305319
1299083
1301850
1321109
1324223
1346487
1365179
1328224
1277947
1306831
1323278
1277947
1306831
1323278
1329107
1308416
1306734
1330532
1321510
1308795
1324383
1330743
1256925
1306659
1368622
1400605
1463992
1250713
1372083
1507304
1430321
1357855
1307665
1250968
1321069
1307731
1338093
1299257
1336694
1379784
1359313
1372385
1326720
1336347
1468333
1473070
1383284
1301974
1436463
1262366
1367618
1346518
1514759
1367422
1323914
1340096
1436033
1457067
1361700
1325115
876735
24752
1358280
447002
1372456
1360104
1358792
1326088
1320965
1330662
1321276
1360550
1371227
1320750
1430885
1321543
1370925
1321777
1228891
1254458
1332907
1379969
1370679
1326555
1511190
1336932
1320713
1300703
1324890
1436137
1378502
1426273
1364487
1228961
1286227
1324017
1323548
1357604
24752
1358280
1370925
1360104
1325115
447002
1321777
1455992
1365988
469203
1338551
1388247
1446401
1378559
1369685
1332942
1330754
1320167
1362686
1455986
1306776
1363298
1285683
1339005
1222145
1198604
1417980
1435750
1194296
1330609
1375983
1378559
1369685
334898
1285683
1363298
1362158
1366341
1485655
1372376
1326415
1406380
1436599
1338861
351378
347964
1468348
1322823
1364485
1338810
1374863
1330080
1322649
1516449
1371028
1336030
1333371
1369221
1437568
1516239
1378504
1332870
1368304
1372466
1332887
1324797
1464076
1369838
1285348
1136846
1418835
1363593
1372666
1366398
1318974
1321584
1385013
1373011
1370508
1510017
1372448
1411317
1331927
1505829
1373080
1362150
1321888
1305169
1367425
1319703
1369245
1382082
1512172
1376760
1513020
1367766
1291790
1337376
1363326
1332268
1515309
1369604
1301270
1306271
1383511
1307228
1301907
1384542
491545
1325042
1430087
1336938
1483224
1432900
1356751
1451137
343588
1442053
1318933
1369015
1417209
1323821
1358491
1440870
1517337
1371324
1508394
1429730
1338487
1320353
1382372
1379874
1328790
1298346
1338271
1278036
1318986
1426227
1436339
1336388
1452209
1376776
1332732
1385136
1512981
1367425
1362150
1321888
1337376
1363326
1301907
1338271
1373080
1369015
1483224
1332732
1428844
1325029
1364291
1288239
1417957
1458543
1373027
1378532
1367937
1380625
1372949
1307518
1343381
1338309
1359853
1370816
1517550
868193
1321868
1331604
1364290
1319773
1337373
1321146
1358230
1336644
1332407
1334051
1297935
1305384
1319630
1367424
1322626
1270120
1515550
1370816
1279073
1443212
1338747
1359853
1429595
1517550
1319781
1321343
1215009
1206985
1426901
1359530
877526
629176
1298963
1299383
1370202
1483248
1327546
1463711
1359585
1372333
1370727
1370439
1467610
1417393
1518307
1416710
1381928
1206694
1366716
1367659
1426913
1320098
1331263
1468244
1284207
1322888
1457624
1370147
1206694
1426901
1206985
1215009
1359530
1483248
629176
877526
1327546
1422802
1338747
1443212
1319773
1367424
1305384
1322626
1319630
868193
1334051
1297935
1358230
1336644
1332407
1337373
1270120
1331604
1321146
1364290
1321868
1279073
1330753
1362250
1435500
1214667
1240524
1389524
1439275
1382025
1371777
1473028
1385278
1367278
1382028
1324772
1473023
1428524
883774
1359777
1417027
1468277
1281023
1357774
1367274
1436026
1385276
1426275
1411275
1357263
1382763
1372263
1321514
1465007
500257
1321507
1328757
1325008
1387012
1388260
924260
840260
1289760
1331261
1382012
1465012
1368765
1369254
1325005
1385257
1321508
1477750
878500
1385259
1385287
1478037
1310287
1358537
1369787
1372287
1428037
925287
1464079
1374475
1518797
895492
1336106
1370509
1281549
1375651
1383519
1377826
1331348
665702
1299705
1374360
1381928
1426913
1321736
1331263
1468244
1320098
1178577
1280163
1324583
1290375
1358228
1308145
1302011
1384537
1367659
1467610
1417393
1370727
1518307
1284207
1322888
1319406
1337977
1370439
1418459
1357188
1372928
1324662
1410376
1336075
563587
1326283
1302919
1301877
1323488
1298188
1327700
1297457
1295852
1331401
1360261
1326719
1330078
1299466
1171012
1338586
1367199
1339106
1374360
1302919
1225407
1157507
1214667
1477753
1330753
1369254
1477750
878500
1362250
1435500
1325008
1321508
1379758
1307508
1328758
1376009
1320259
1385259
1325002
1306756
1385257
1321507
1328757
1325005
1374005
1369255
1375256
1376001
1337501
1338751
1464001
431501
1372251
1367001
1456001
1468251
1339001
1289760
1331261
1382012
1388260
924260
840260
1445770
1331271
1324772
1428524
883774
1240524
1389524
1439275
1368765
1369765
1385016
1385332
1442082
1468332
1365330
1440580
1384080
1375331
1377833
1367833
1382334
1303328
1372328
1370329
1323084
1507335
1372335
1380335
1330085
1300085
1378335
1406335
1372586
1464086
1406336
1383086
1384086
1380336
1305086
1466332
1507332
1199560
1359560
1368310
1365310
1259310
1369561
1416811
1417061
1385063
1307063
1368313
1431311
1326311
1320061
1456654
870904
1346655
1375655
1371405
1346658
1367908
1372408
1319907
1307907
1421157
1363156
1337406
1380406
1453407
1367655
1457084
1464084
1382334
1323084
1507335
1372335
1380335
1330085
1375331
1385332
1442082
1468332
1473087
1370587
1321837
1385337
921589
1367839
1380339
1162837
1406338
1340088
1300085
1384086
1380336
1305086
1378335
1406335
1372586
1464086
1385285
1378530
1385063
1512814
1443814
1337564
1416566
1436817
1372317
1328818
1468318
1377318
1380318
1333068
1436319
1330565
1431316
1377816
1416817
1384067
1319067
1422567
1181069
1307063
1368313
1422074
1370325
1422075
895492
1261246
1332514
1439264
1371765
1401765
1203015
1385265
1321515
1369765
1307286
1358536
1359786
1369787
1372287
1428037
925287
1385287
1478037
1310287
1358537
1365283
1368784
1331033
1376783
1411783
1321533
1380283
1321536
1457536
1371030
1384030
