1217023
1425267
1299372
257706
1229876
1434184
1298938
343568
1413641
1254435
1298542
1377426
247871
1358636
1218188
1337941
336673
343034
1331661
718
1299124
1302134
1048268
1417305
1298367
1299178
1336183
1300936
1414385
1422538
1277950
1337700
1444523
1206207
1356063
1210974
1332663
1225754
1427538
1355569
1346626
1430634
1244901
338384
1222234
1331230
1302992
1202638
1431193
894008
1455817
1384855
1276254
1433792
1329132
1236599
1278598
1226046
1285380
1360088
1201699
1205508
1300146
1285582
1283276
1298349
1375543
1331540
341204
1217443
1309249
1355662
1228771
343270
1428033
644174
1212303
1242151
30932
1198179
1245245
345006
1355429
1342846
1331256
1225503
1207687
1378057
1310437
1353220
1258670
1199007
346008
1263235
1299263
1430577
1298311
1371295
1229308
1303100
1198674
1302235
1229843
1382316
1449681
1322799
1241385
1388739
1297927
1284955
1383416
632158
1250686
1440003
1328693
1319075
569718
1223923
1332432
1363244
1298907
1360592
1250950
1218437
1300021
1453486
1298314
1283744
1208123
1459544
341230
1207481
1174225
1432307
622
1135772
1364654
1132380
1213261
1358430
1356421
1281346
1250676
1211382
1371012
346427
1377099
1373597
399338
1174000
1441700
1156913
1279013
1297907
1432021
1322057
1296950
1278054
853258
1250739
1328840
248836
1370086
1297913
1416596
1321176
1221095
1199023
1229373
1244856
1241748
1254087
1383305
626544
1302113
1355802
346190
1250708
1375624
325304
1397949
1319036
1336427
1434927
246968
1298520
1397893
1447230
1298037
1332830
1291076
1442996
1300702
1282366
1442154
1301976
1300080
1361376
1301396
1357983
1335470
1259189
1302233
1338984
1336813
335292
1430694
1516674
1263239
1291702
344396
1291702
1321019
1355149
1355028
1482220
1204092
1298039
1299444
1302865
1263157
1289358
1441944
659623
1410488
1219636
600000
1197615
1444252
1298393
1371017
1378194
1319624
1325236
1516673
1284360
1251152
1388486
1298043
424008
1219600
1383480
338472
1444433
1301501
1249328
1338567
1413176
1212538
1444386
1384517
1383076
1298359
1444971
1300288
1428082
1355652
556553
1411881
1297477
1360859
1298966
1452574
1431291
1413319
1283490
1319044
1429316
1288094
1468149
1417062
1189881
1468198
1437620
1218187
1413602
1408711
1371297
1333136
1428367
1443801
1309640
1279386
1449306
1300299
1301791
1454126
1309411
1358810
1277808
1319950
1444434
1372171
1358944
1423708
1298528
1426516
1368453
1438074
1307078
560089
1378874
1447816
1265072
1383468
1301830
1366167
1299917
1281427
1366107
1332048
1438878
1261067
1298919
1397410
1399119
1298470
1285684
1439519
672203
1261009
1319786
1297543
1286060
1299454
1445072
1408395
1455845
1376786
1454568
1408395
1455845
345410
1370805
1442124
342972
1300604
1251207
1458041
1298361
1325149
1366999
1251880
1230347
1218118
1301773
1359526
1277515
1285191
1298373
1302013
1387641
1243421
1452860
1455903
1434653
1358557
1200071
1197077
1435989
1452860
1425062
1445919
1337804
1441838
1370290
1440257
1293125
1340085
1510470
1324045
1389099
1321829
1299913
1331684
1263429
1279934
1260073
1255347
1302373
1319400
1299139
1373969
1376994
1417334
1250964
1309167
1354723
1331537
1300117
1435835
1334659
1283263
1284547
821971
1431177
1301347
1299281
1255280
1367429
1260083
335440
1365837
1374853
1446504
842291
1292091
1222053
1298167
1339337
1300709
1328708
1426770
1369627
1328820
1442507
1280794
1368997
1281505
1301409
1360368
1297428
1301409
1229537
1369924
1440109
1399225
1284045
1377310
1295185
1246915
1298045
1446975
1438882
1300091
1456577
1298942
1457058
1229814
1330294
345409
1515930
1247405
1385577
1288043
1319525
1343141
1262741
1358046
1437863
1423528
1417341
1434715
1450703
1413368
1388483
1437010
1385593
1330206
1433662
1442438
1425171
343810
1302287
1205568
1456717
1325058
1215591
1355760
1394535
1417166
1439541
1257294
1421142
1424791
1444569
1448607
1438881
1319465
1359957
1385952
1329074
1443604
1422417
1437550
1449213
583154
1424486
1371398
897897
1385888
1405497
863108
1395282
1429789
1442569
1472336
1441120
1439784
1299021
1439521
1507338
1455853
1215540
1366357
1424230
1431022
1508068
1319465
863108
1395282
1422417
1215540
1455853
1472336
1428791
1443244
1422862
1447587
1395052
1445359
1298531
1338790
1219819
1359365
1261136
1451704
1439521
1299021
1498639
1507338
1441120
1439784
1440157
1366357
1377162
1300837
1222268
1436277
1358439
1436277
1222268
1376980
1368407
1403090
1319705
1411279
1358021
1359135
1300837
1305016
1385894
1369674
1370295
1204095
1299064
1190390
1377162
1301299
1276063
1389391
1370988
1263778
1365176
248908
1300114
1299951
1425358
1439364
1372081
1460696
1300792
1436048
1467873
1448211
1507472
1241690
1507727
1220824
1384841
1501563
1439263
1429482
1384882
1432062
1422985
1319975
1435499
1353996
337487
1455859
1261515
1259870
1423836
1449699
1365180
1459265
1471712
1220847
1455859
1459265
1259870
1434116
673176
1322284
1298126
1340185
1362552
1300306
1297888
1278564
1509178
1453162
1383706
1261515
1464793
1218557
1471712
1309692
1463842
337487
1459271
1420977
1483167
1436777
1299985
1360533
1351412
1334508
1334508
1298558
1297930
1411897
1457504
1243919
507609
1356229
1351412
1306367
1460034
1360102
1357731
1436986
1324748
1324126
1436777
1261515
1420977
1459271
1298126
1340185
1362552
1300306
1360533
1297888
673176
1299985
1297420
672136
1384849
1431504
1437764
1428560
1506147
1415363
1297420
1298756
1351673
1433020
1453146
1319893
1450985
1471654
1432064
1233375
1408504
1320853
1370408
1428121
1431375
1385622
1368695
1319848
1279288
1385573
1298233
1334113
1305045
1358103
1375296
342626
1179073
1220837
1436702
1321751
1433386
1366502
1443241
1444278
1385622
1385573
1453510
1299343
1439783
1308845
1278153
1385961
1376742
1442753
1498442
1323781
1368996
1298511
1334113
1305045
1301451
1442738
1356630
1298511
1298233
1323781
1368996
335767
1298182
1222111
1417143
1443241
1179073
1280270
1389916
1328987
1301020
1452884
1417745
1437556
1374979
1445081
1464455
1299923
1507665
1327797
1423414
1440607
1455258
1442227
1445014
1298905
1385678
1371976
1373270
1431575
1410397
1428010
1250694
1379283
1447363
1444994
1431476
1355789
1508083
1263190
1320269
1299121
1337365
1301306
1298924
1299974
1308010
1305318
1322694
1507665
1374979
1327797
1371530
1442227
1455258
1331225
1292664
1337365
1301306
1299974
1305318
1298924
1308010
1320269
1176671
1281613
1279727
1444436
1445462
1354958
1260995
1278496
1257454
1347738
1384639
1426750
1378986
1222027
1424655
1508258
480877
1433927
1351947
1229047
1262080
1443704
1426750
1229047
1433927
1328839
1338499
1302184
1322107
1379741
1378204
1438057
1306564
1358946
1405805
1411749
1215732
1385910
1442500
1366172
1514738
1451123
1440782
1396360
1442693
1378207
1432050
1379643
1261252
1439284
1451872
1305287
1432050
1261252
1507498
1424914
1414991
1472631
1379089
1417339
1337369
1215093
1431441
1464992
1396360
1378207
1451872
558260
1460808
1430519
1376728
1442190
1335857
1354504
1370737
1423463
1464821
1483159
1298022
1365685
1305041
1335100
1365195
1321016
1358356
1381502
1302935
1416471
1362131
1284039
13942
1284493
1425779
1453704
1302968
1291044
1444938
1372658
1324176
1442888
1398331
1419879
1417375
1438084
1444610
1432319
1378993
1429314
1380321
1452573
1433618
1455428
1401241
1387636
1389518
1475291
1437478
1454936
1422152
1454810
925985
1456730
1471796
1451549
1468052
1452674
1425592
1426258
1442614
1443779
1411757
1416788
1379582
1448527
1478360
1465942
1389884
1412710
1439636
1329417
1466434
1431194
1449289
1448925
1430863
1325679
1423416
1305263
862025
1471741
1441073
1471109
1242841
1451622
1432600
1453422
1384846
1132907
1447404
1436340
1429342
1331254
1436223
1429649
1400572
1464936
1378245
1445218
1449880
1432191
1472914
1318898
1371300
1429429
1457841
1449365
1431188
1450491
1450245
1477116
578687
1385605
1162795
1459127
1443624
1379010
1472756
1448609
1441347
1385684
1468073
1422530
1432420
1472729
1454733
1152768
1457843
1468163
1388245
1452171
1411889
1450137
1478384
1471651
873144
1455121
1443304
1433628
1445069
1467837
1464873
1471655
1423404
1445548
1464928
1471811
1429597
1464827
1319183
1426656
1472366
1448270
1472643
1440427
1440002
1402544
1454432
1444164
1457534
1358624
1442243
1444312
1448707
1455851
1429695
1430481
1471792
1471807
1476166
1438268
1422534
1465345
1474568
1453593
1191789
1384907
1424035
1437649
1458980
1451667
1466433
1437697
1453098
1438053
1454721
1460023
1445071
1448448
1468181
1320575
1435419
1447851
1384885
1417979
1446327
1449146
1417946
1430635
1480781
1464979
1471606
1299223
1505107
1445739
1465350
1370085
1389890
1444041
1361865
1432419
1449363
1416762
1301810
1371979
1472615
1455901
1468126
1451843
1472876
1491140
1474650
1440644
1464782
1440313
1443809
1444281
1448699
1472317
1463898
1448005
1459104
1368893
1471628
850516
1454448
1464775
1384874
1455098
1431238
1255301
1444921
1451632
1455486
1369619
1460551
1426902
1319407
1453395
1365314
1434699
1471801
1458259
1444870
1451175
1457834
1377817
1502046
1338658
1441122
1443151
1385576
1478534
1451631
1454305
1256120
1478751
1437652
1385906
1441124
1445009
1457508
1405498
1442867
1425057
1423378
1472988
1443803
1463940
1343394
1449148
1478027
1464890
1440435
1455886
1439230
1388217
1445037
1422533
1458064
1436002
1405248
1430871
1367621
1430867
1365327
1471758
1455136
1474657
1374583
1463938
1431480
1463921
1440091
1450774
1384911
1455875
1459266
1464862
1478745
1361906
1472698
1449219
1459787
1440622
1448547
1472750
1471599
1458611
1478532
1460024
1449284
1451141
1445855
1455841
1433629
1389891
1477739
1449115
1464875
1450316
1384879
1498637
1458443
1449255
1477740
1468000
1453330
1460060
1400588
1468117
1472359
1472827
1450141
1416538
1450594
1455802
527904
1472352
1471777
1504009
1455823
1321779
1389930
1465353
1472819
1448008
1384891
1370336
1436110
1298906
1375652
1443331
1426257
1455849
1300263
1451619
1453163
1449252
1433626
1468045
1435193
1450821
1436023
1472362
1474580
1454825
1411926
1424069
1385607
1472911
1385639
1457930
1469435
1421333
1430962
1447635
1457263
1478541
1454391
1402586
1448785
1435191
1475285
1446507
1464954
1297046
1448718
1400582
1426087
1451665
1465928
286678
1410873
1306753
1445399
1451590
1458263
1445035
1464454
1458225
1446577
1457909
1464879
1405802
1472657
1340191
1453012
1428512
1436911
1296939
1410864
1431180
1478407
1467791
1474577
1458194
1254149
1429256
1464899
1373117
1305475
1445451
1467814
1472822
1498458
1320531
1431649
1440353
1455751
1452539
1378925
1423841
1474646
1467823
1431401
1440112
1441711
1403564
1428181
1472648
1405517
1498621
1336043
1440352
1434106
1429664
1447572
1465334
1447637
1437818
1369490
1381660
1328965
1217848
1472351
1457779
1457298
1426882
1411759
1455144
1498429
1388237
1454807
1437254
1404341
1437949
1419186
1384940
1478359
1417505
1457837
1474598
1463855
1378610
1457666
1458188
1448172
883609
1455138
1453380
1448247
1472766
1442290
1464925
1460972
1487046
1416789
1371166
1499063
1434568
1468001
1478363
1453597
1449943
1437360
1406125
1340381
1418310
1454801
1440548
1472688
1431181
1385612
1463888
1415309
1478390
1467844
1468141
1444996
1432071
1465370
1441927
1257999
1454428
1400556
878387
1411890
1454811
1449477
1478389
1405500
1453417
1457234
1468130
1443811
1471736
1416866
1475276
1383705
1417558
1457535
1440550
1321576
1436938
1436907
1457488
1440242
1449711
1468464
1448244
1379287
1436031
1365312
1435875
1472722
1431569
1437628
1471795
1432429
1431219
1306497
1452647
1384930
1384593
1450514
1463871
1320494
1450907
1457939
1457822
1478412
1453644
1475277
1459995
1445964
1448248
1379455
1464983
443160
1472804
1436912
1441155
1471745
1368987
1451085
1451155
1263237
1429689
1439430
1457251
1472730
1437094
1479026
1478028
1454722
1451842
1454928
1446659
1448240
1471842
1477487
1411904
1498506
1431534
1456659
1459284
1459991
1369933
1363581
1436752
1461492
1448403
1417052
1435854
1474649
1401761
1456760
1438066
1447409
1416864
1474552
1428379
1454805
1383708
1436378
1444549
1467836
1436596
1464845
1468068
1477531
1449580
1445093
1474557
1434334
1436756
1459618
1453605
1439995
1411729
1472337
1445340
1440525
1454752
1486287
1433043
1468046
1463853
1473004
1454696
1453329
1301287
1403471
1421247
1429721
1437370
1450490
1471692
1448285
1471640
1385714
1305415
621746
1397187
1458848
1454862
1454938
1455002
1444142
1361884
1304984
1454817
1449273
1357144
1471809
1434102
1468040
854550
1459124
1471751
1472713
1417768
1372737
1452780
1385589
1450423
1446666
1450867
1485623
1440549
426454
1446428
1453086
249872
1405641
1445244
1434650
1471691
1406126
1457890
1472334
1464938
1411914
1467846
1415621
1471748
1472660
1358385
1465931
1416540
1436461
1426246
1431587
1474592
1357944
1432432
1440351
1321266
1435618
1451587
1328632
1455284
1438214
1452256
1469420
1471731
1472663
1454680
1446684
1447748
1457525
1428828
1471723
1417793
1423379
1458244
1468051
1417917
1455181
1411704
317583
1474658
1443835
1438093
826367
1448009
1452253
1458210
1432481
1472376
1450149
1452176
1445966
1472773
1450761
1474644
1457300
1452196
1425055
1361438
1467830
1423407
1437575
1262210
1464893
1420504
1268851
1411924
1457926
1448733
1480806
1468077
1386003
1434109
1472829
1456632
1459993
1430978
1435192
1471835
1421143
1385981
1368984
1455160
1454828
1436758
1445622
1448473
1385685
1410005
1448059
1451142
1477824
1429665
1451589
1455962
1478398
1387663
1449093
1417937
1457780
1452667
1468087
1472926
1477533
1448788
1416595
1370626
1451187
1459930
1370626
1451187
1459930
1348527
1437298
1449041
1483157
1514571
1514602
1384642
1508460
1338488
1459260
1469314
1472638
832116
1432986
1419177
1446565
1498463
1458293
1406525
521403
1486140
1422950
1467908
1437366
1448415
1503477
1417168
1513203
1433009
1469036
1459934
1416052
1507702
1512337
1453022
1463882
1512997
1377067
1370663
1513211
1283312
1401812
1383495
1384743
1454607
1335243
1508029
1416775
1411746
1511476
1191969
1509748
1371165
1509712
1389931
1378211
1453685
1437696
1509710
1509707
881225
1429400
1417217
1459259
1440111
1319880
1304974
1447854
1299232
1446972
1323970
1384842
1416473
1369621
1414377
1439392
1434959
1405476
1439322
1507250
1507182
1469814
1423394
1328704
1338669
1378362
1434070
1450862
1257389
1225764
1431755
1450760
1439631
1480779
1514694
1384229
1400591
1435853
1426508
1437091
1441777
1464809
1425283
1283741
1443233
1431483
1444577
1451072
1328672
1508366
1337793
1421928
1437689
1463850
1457060
1339004
1368611
1437689
1425045
1445372
1483186
1515096
437695
1226034
1421311
1436901
1435584
1437554
1437758
1415356
1437358
1440902
1429667
1437632
1434564
1437559
1328915
1429260
1421928
1337793
1463850
1457060
1307412
1388787
1459687
1377201
1383845
1383846
881436
1467809
1431584
1457628
1446578
1418589
1467883
1474642
863624
1439781
1175261
1463896
1428264
1426751
521557
1471605
1444258
1463904
1447121
1404769
1357942
1439788
1458593
1469315
1445335
1416787
1357942
1404769
1452022
1277857
1448712
1175261
1439781
1363374
1436372
1352882
1458296
1376543
1298547
1357228
1512611
1449732
1332566
1452613
1416520
1454351
1427545
355748
1302186
1437921
1299301
1362609
1384781
1447778
1401681
1446412
