1405863
1445469
78461
893936
1417784
1328669
1446115
1426479
1224712
1297952
1397016
1389048
1359034
1383307
240617
1433696
1187439
1467476
1407233
341219
1359975
1455707
1377313
632280
1300821
1357841
1396431
1286116
1367251
1439146
1357145
1250716
1298049
249033
1369917
1442177
341955
1203439
1336601
522013
1475162
1438600
1325640
248970
1331205
1294274
1394637
1298265
1328765
1453058
1456990
345276
1359285
1321671
1382890
1263216
1466295
1300076
346331
1335230
1502960
1457972
1432916
1357865
341152
1358119
1310222
341284
1324487
1336701
1337006
1393881
1225557
1456737
1356218
1287590
1412992
1464388
1308364
1299073
338380
1435147
1048263
1318977
1455259
496435
1303049
1370418
1359726
1396171
1427027
1301816
1372606
1467434
1403540
1200654
1298561
1461255
1281416
1309327
1377834
1324558
1336027
1212472
1300764
1393514
1413830
1324722
1284682
1461557
1228844
1470837
1309268
1302480
1455737
1374034
1482520
1377169
1412998
1435019
1450064
1214749
1330422
1368714
1331600
1297544
1299038
1286401
1287309
1330777
1460981
1410425
1436677
1302341
1368975
1462219
1319894
1441509
1048274
1298171
1433652
1302406
1488816
1462221
1222863
1370893
1451751
1371092
1329044
1258731
1470141
1370082
1414069
1377224
1323869
1467705
1482780
1355224
1346112
1371759
1298117
1198692
1472295
1394182
1463558
343452
336732
1455720
366839
1502080
540181
1298258
1403422
1366274
1462094
1511683
1324996
1257705
1459388
1451834
1301304
1354385
1336255
1381335
1459239
1265626
605315
1474352
1425913
1482684
1486968
1383298
1436194
1445174
1424718
1384928
1370741
1467722
1296947
344038
1306855
1429716
1367427
1320014
1429286
1262494
1301824
1493089
1377170
1355200
1442361
1418793
1453018
1432540
1486900
1490563
60630
1287541
1321758
1485127
1467604
1298307
1321990
1363125
1483787
1475991
1445361
1415091
1445791
1383295
1206862
1325023
1250907
1472292
1328683
365455
1434066
1292450
1297448
1356647
1482644
1356647
1456989
1455279
1403469
1411256
1319971
1320571
1433926
1475741
1429518
1378526
1472459
1229812
1355616
1416672
341269
1469177
1302709
1463635
1368779
1448787
1325449
1465169
1437427
1485091
1370141
1461839
1498250
1302044
1417942
1321914
1416685
248182
1320082
1370740
1467421
1255416
1471523
1301026
1467748
1482545
1442641
1300376
1321087
1379740
1493264
1463666
1477099
1456508
667560
1297540
1442871
566950
1441787
1299100
1479140
1471446
1463748
1242207
1251156
1413110
1372002
1470823
1493053
1385984
1322113
1284798
1358042
1327529
1485349
1205957
1493533
1454946
1463667
1310027
1478741
1430937
1430030
1413102
1421804
1452681
1469639
1477077
1351588
1352716
1299267
1474351
1461478
1461909
1469175
1410861
1471477
1474351
1416589
1461909
1479909
1463766
1480335
1470818
1457761
1474606
1463593
1301302
1462391
1385789
1247341
1424651
1482872
1369211
1454282
1480466
1469519
1471530
1417332
1298461
1308488
1487002
1464576
1428710
1308488
1298461
1428959
1487002
1467589
1328662
1479913
1412737
1411261
1469753
1456998
1435865
1480076
1379402
1471343
1485212
1469347
1338507
1352665
1456103
1428161
1426745
1298417
1322066
1459201
1455263
1482686
1366858
1357873
1454138
1441943
1506533
1488766
1477584
1479761
1454949
1328832
1482941
1447442
1338396
1286117
1473025
1356616
1308525
1441034
1472775
1395213
1467454
1479685
1493948
1470368
1445237
1221005
1224565
1396009
1359434
1397684
1431960
1337862
343726
1445019
1396009
1359434
506575
1356132
1493033
1422198
1460294
1355175
1463634
1470140
1497331
1486975
1496279
1308987
1277549
1443030
1297419
1424485
1299099
1425760
1376362
1216098
1463739
1356005
1443042
1467358
1485158
1456510
876330
1299099
1437945
1253971
1493011
1472288
1413532
1378951
1299286
1472602
1494045
1480467
1420300
1419036
1493582
1493440
1493040
1482845
1471350
1385878
1371395
1416719
1487118
1472481
1454578
1305213
1356490
1333071
1497452
1509153
1298204
1514956
1442670
1479719
1479666
1493440
1482845
1493040
1419036
1493582
1337132
1435285
1299336
1355438
1497452
1509153
1416719
1454578
1421796
1443231
1364392
1331191
346174
1353351
1397455
1482524
1471383
526493
1333071
1356490
1502980
1516178
1467414
1435471
1432963
1480670
1321838
1482237
1447749
1462000
1446579
1132708
1479659
1298922
1455008
1447558
1480327
1472595
1396517
1497896
1467332
1432767
1331194
520203
1421959
1491243
1459919
1399814
1467624
1446855
1493795
1355573
1337415
1421959
1399814
1467624
1467332
1299023
1373992
1497987
1447863
1498046
1357842
1463824
1472289
1405259
1516509
1469109
1451752
1215580
1488237
1493252
1470081
1429418
1469650
1479581
1472583
1485475
1361843
1424713
1470512
1361843
1461028
1472583
1470081
1299023
1497987
1301418
1373992
1328645
1463765
1357842
1479769
1306982
1471507
1310577
1464741
1422071
1320498
1457241
1457244
1319932
1477517
1454971
1334161
1464061
1433785
1460538
1418826
1454971
1480035
1306982
1336452
1457241
1493206
1334161
1457244
1319932
1477517
1370080
1297975
1498107
1367260
1223894
1480720
49004
1477681
1497252
1428255
1354659
1389874
1511669
1444736
1447864
1383575
345956
1499140
1485521
1455282
1447864
1497743
1383575
49004
1444736
1511669
1459198
1487271
1494737
1456480
1497252
1354659
1389874
1485521
1477681
1497641
1354608
1462280
1499140
1459767
1470291
1436130
1459978
1467539
1513103
1430729
1469107
1465168
1480041
1461999
1459231
1463615
1379581
1455746
1472437
1493614
1463754
1324104
1309065
1487004
1493059
1480133
344873
1460218
1482594
1463798
1502436
342184
1310189
1354748
1294305
1480184
1487207
1513220
1448194
1503787
1320284
1201610
1462238
1474990
1483003
1355821
1433756
1385676
1323829
1404350
1479621
1427370
1309280
1260339
1299146
1254362
1460074
472131
1378357
1467509
1405221
1277951
1464356
1421962
1404408
1289930
1430031
1405608
1498090
1493548
1514084
1453175
1514726
1479571
1496459
1445737
368236
1321812
1467533
1449549
1215578
1388744
1461407
1493926
1429272
1459928
1480056
1467726
1480639
1480688
1278167
1514084
1457958
1453175
1486577
1466054
1514726
1479571
1324486
1336130
1402197
1358925
1322759
368168
1496030
1459243
1454256
1401789
1467418
1418599
1490492
1298422
1298015
1310138
1417146
1336130
1323275
1245133
1482706
1320730
1301515
1506761
1404344
1465171
1331216
1256438
1442250
1464398
1493091
1470481
1403589
1459214
1384602
1430174
1431553
1396529
1460464
1482608
1472466
1467448
1300854
1456915
1463747
1471409
1377226
1470763
1291074
1455740
1414835
1479910
1471542
1394337
1467393
1496481
1355055
1512324
1455388
1439491
1454098
1509872
1482797
1467467
1472557
1445522
1455388
1486980
1460447
1471333
1479735
1464751
1443807
1414835
1460464
1456915
1291074
1470763
1455740
1377226
1482580
1472541
1496481
1355055
1499141
1467443
1469388
1482717
1482677
1370574
1370870
1263196
1322837
1330403
1353776
1460406
1318828
1337422
1482884
1256732
1360183
1432698
1482855
1503396
1470098
1324423
1474484
1358708
1487082
1373598
1422728
1458052
1298250
1482628
1470631
1463767
1429309
469595
1471337
1496324
1296935
1497001
1480425
1499087
1506498
1218908
1479883
1469822
1497238
1452340
1480214
1472622
1493974
1498000
1461829
1496099
1470251
440523
1514838
1499095
1498089
1463967
1493626
1479514
1464055
1496288
1497205
1482648
1480170
1456585
1467382
1329114
1456829
1467646
1487309
1512349
1417920
1515676
1454737
1467372
1388236
1461372
1292380
1471347
1494033
1456829
1417920
1515781
1485141
1463781
344603
1507525
1228312
1512349
1472522
1467646
1487309
1493043
490181
1510656
1513416
1324476
1421801
1479677
1401425
1435195
1479859
1486141
1480479
1478312
1499392
1482670
1439220
1432425
1467636
1411957
1453388
1516541
1471440
1467431
1486258
1482683
1482601
1467728
1493084
1467441
1305054
1482981
1472465
1460807
1493198
1369540
1470464
1516734
1479707
611413
1467622
415069
1472625
522228
1322689
1319523
1485122
1478350
1438896
1470230
1438201
1472535
1493929
1471502
1456824
1472465
1467622
415069
1241781
1410860
1516765
1422400
1497291
1512081
1516731
1482925
1516728
611413
1221462
1505912
1456601
1496570
658991
1460314
1483046
1517278
1504863
1480017
1471401
1506197
1467648
1472477
1460502
1461886
1517207
1496511
1490850
1513315
1477722
1387681
1479993
1371396
1325075
1496813
1279050
605980
1463630
1241545
1493051
338341
522228
1480332
605980
1325075
1460314
1480017
1496511
1490850
1479993
1513315
1225823
1475015
1472621
1335134
1460878
1279050
1383704
1496813
1334159
257612
1479613
1241545
1463630
1486126
1279065
1493051
338341
1467654
1429398
1486583
1467389
1434030
1175829
1468549
1467645
1207622
1515334
1485258
1517887
1457242
1466026
1480341
1328845
1511491
1320367
1334159
1429398
257612
1503731
1480451
1497356
1479682
1502607
1467642
1486848
1483012
1463623
1479566
1384785
1463801
1485151
1496094
1510724
1496531
1438582
1512413
1463820
1465317
1467321
1493546
1494887
1254409
1457476
453805
1252026
1516721
1482828
1445920
625952
1305142
1467633
1463787
1482675
1457456
1357760
1256052
1418384
1467649
1485524
1477021
1320879
1377824
1518126
1475813
1385761
1453178
1482791
1467455
1381866
1467694
1469627
1415595
1472552
1471727
1518919
1496817
1405507
1405607
1479673
1328701
1458460
1482651
1496346
1467363
885753
1498003
1480501
1290251
1471501
1480001
1482751
1459251
1478001
1479752
1464750
659000
1478501
1384003
1449750
548500
1470500
1479750
1371774
1483025
1375275
1497025
1472525
1471525
1469277
1463777
1483027
1491277
1499278
1190778
1496528
1512271
1480521
1478021
1478522
1497771
1503272
1379773
1470255
1460408
1460073
1480447
1428675
1469627
1518123
1507462
1384507
1496817
1472552
1518919
1415595
1405607
1488642
1405507
1471727
1482557
1479673
1417202
1482682
1385891
1479662
1497435
1324380
1366271
1323753
1479654
1480139
1494341
1499277
1432185
1470498
1456514
1518126
1453178
1385761
1475230
1482791
1518451
1478256
1467455
1499621
1467694
1404214
1381866
1459203
1372866
324966
1482609
1369217
1358694
1459561
1479773
1322960
1470255
1421973
1487441
1375552
1513157
1460688
1463538
1479720
1479734
1428675
1460073
329432
1455379
1479599
1487282
1507462
1458532
1479738
1518123
341261
1480447
1460408
1470095
1470596
1494716
1485234
1463619
1469627
341553
1324380
1323753
1480139
1319785
1494341
1457034
1466407
1518126
1475230
1453178
1385761
1477036
1475813
1384012
1472294
1509523
1496040
1518451
1456741
1479806
1456514
1417795
1479692
1454139
1460684
1518549
1432185
1478256
1518137
1518472
1482515
1499277
1470498
1482791
1467321
1512413
1493546
1463538
1479734
1470095
1470596
1511411
1328701
1458460
1482651
1467363
885753
1498003
1384003
548500
1470500
1479750
1464750
659000
1478501
1480501
1290251
1479752
1474502
1471501
1480001
1482751
1459251
1478001
1497556
1479557
1499057
1422057
1452057
1285807
1485308
1370808
1493558
1460052
1455303
918803
1467553
485803
1298553
1359305
1450056
1480556
1482806
1456806
1496054
1480054
1321304
464804
1493555
1378055
1464059
1497559
1482059
1499056
1478306
1364809
1496058
1482754
1451754
1467504
1454513
1467763
1480014
1451755
1476256
1426259
1428260
1478010
1480260
1485260
1479010
1384510
1508761
1478011
1482511
1320761
1464761
1474511
1422012
1479011
1496262
1455758
1480258
1463758
1478008
1474508
1496508
1480509
1471515
1480766
1462262
1480262
1464012
1471514
1417514
1463812
1472562
1507312
803312
1452062
1457812
1504313
1197563
1471563
1496064
1472560
1277810
1471560
1467560
1467561
1482810
1483060
1496810
1482813
472318
1452568
1457816
1459066
1480319
1512319
1463812
1472562
1166312
1496312
1432825
1494716
1485234
1463619
341553
341261
1508075
1477097
1428245
1421540
1444277
1478320
1479615
1482557
1482682
1385891
1497435
1493759
1441571
1454980
1467763
1480014
1464761
1474511
1422012
1479011
1462262
1474514
1321764
1496264
1471514
905015
848015
1496262
1471515
1499536
1458537
323787
1472536
1483037
1357537
1496283
1221783
1507283
1480533
1483034
1496534
1388784
1479782
1222282
1450056
1480556
918803
1467553
485803
1298553
1496054
1480054
1321304
464804
1493555
1378055
1359305
1277802
1359302
1482806
1507019
1218770
1472520
1324020
1359031
1485281
1479782
1222282
1480282
1497032
1496282
1388782
1472532
1479783
1509124
1226370
1496129
1389379
1483130
1499374
1370625
1497375
1385625
1467375
1198625
1457625
1497875
1472626
1467626
652626
1375126
1486127
1481877
1182127
1305127
1499378
1298878
1447878
1480378
1464378
1488378
1486130
1479832
1472594
1485344
1493327
1480077
1485327
1461841
1480093
1480094
1497844
1479844
1497095
1480342
1480092
1480592
1379090
1480590
1508340
1485340
1493340
1478340
1479591
1496341
910091
1507595
1508345
1479846
1248345
1479593
1479885
1480385
1298885
1483135
1307136
1499382
1482632
1467630
1496380
342880
1452880
1480380
1497880
1486131
604883
1482633
1497631
844631
1343134
1493634
1358384
1469634
1447384
1464384
1491134
1419384
423134
1469651
1363652
1364652
1463650
1480400
1491150
1467400
1318901
1467403
1423403
1482653
1479653
1478404
1479903
1485399
1480329
1466330
1466328
1467578
1480578
850328
1478324
1467571
1497821
1480571
1465323
1497573
1497572
1385572
1480572
1485322
1250829
844326
1454576
1479827
1482850
1250829
1480329
1432075
1469076
1497326
1479827
1466330
850328
1331319
1486570
1482570
1480572
1485322
1478324
1497821
1486572
1497572
1385572
1483130
1486130
1467630
1496380
342880
1452880
1480380
1497880
1486131
1499378
1298878
1496129
1389379
1486127
1481877
1182127
1305127
1447878
1480378
1464378
1488378
1499382
1471479
1482729
1477730
1438480
1460980
1511732
1475482
1475982
1467482
1512733
1440233
1503483
1479733
1502733
1499484
1497234
1479984
1471484
1467484
1446984
1284735
1482983
1482731
1374981
1216481
1482735
631236
1497236
1471486
1358485
1369485
528235
1475485
535988
1456488
1475488
1478738
1513738
1470738
1480738
1471488
1501489
1480739
1474489
1440239
1496990
481240
1482740
1455741
607241
1479846
1248345
1478346
1480096
1496341
910091
1461841
1480342
1480092
1472596
1496914
1480414
1467664
1460914
1225413
1408163
1471413
1479663
1226913
1496915
1480165
1493915
1482665
1456416
1480416
506914
1474413
1389914
1479664
1389414
1505216
1498966
507717
1480717
1374968
1479968
1421972
1297467
1480217
1461967
1471471
1299702
1378020
1480585
1460118
1320674
1485175
1456925
1497175
1480675
1480175
414175
1471425
1479925
1257177
1434428
1456928
1496428
1480678
1464428
1323676
1471426
1472426
1480677
1459927
1480177
1471427
1497180
1479930
811431
1437181
1507181
1498931
1471682
1485180
1415180
1474429
1479977
1511727
1480477
1494727
1405478
455978
659478
1487228
1442228
1480728
839228
1477478
1496479
1512953
1479953
1384203
1494703
1482703
1482954
1479947
1480197
867947
1456197
1506198
1359448
1513448
1507698
1494698
1497449
1226199
1454196
1403447
1320697
1514197
1167448
1480199
1472449
1416951
1497175
1480675
1480175
414175
1471425
1257177
1434428
1456928
1496428
1480678
1464428
1323676
1471426
1472426
1480677
1459927
1480177
1471427
1474429
1485180
1415180
811431
1437181
1507181
1498931
1320674
1485175
1456925
1479925
1497180
1479930
1471682
1485188
1447438
1417938
1457370
1512871
1358621
1362621
1456621
1496122
1256122
1486122
623123
1480373
1509124
1479874
1479872
1458373
1437372
1485123
640623
1499374
1370625
1497375
1385625
1467375
1198625
1457625
1496372
1296933
1262183
653933
1388183
1480183
1480738
1471488
1459238
1501489
1480739
1474489
1440239
1374981
1216481
1511732
1475482
1475982
1467482
257737
1480487
1479987
535988
1456488
1475488
1512733
1440233
1503483
1479733
1502733
1482983
1467484
1446984
1284735
1358485
1369485
1331387
500138
1189888
1463637
1480137
1469391
1425891
1480141
1421140
1482640
1485390
1482637
1496914
1480414
1467664
1460914
1480165
1493915
1482665
1477670
1448920
1497420
1479671
796418
1363168
1453669
1432919
1464420
577674
1480172
1479898
1497148
1447148
1436644
1456416
1480416
1467660
1459910
1424910
1482911
1479911
1477670
1448920
506914
1474413
1389914
1479664
1389414
1496915
1480165
1482916
1298916
1306917
1225413
1408163
1471413
1453669
1497420
796418
1363168
