1451694
1500039
1385865
1260081
1479147
1504098
1482315
1458876
1461561
1463744
1320283
1474410
1207114
1374349
1298381
1331905
1482089
338436
1441467
1218085
1298384
1490806
1459756
1431800
1479130
1439161
1475137
1450443
1431886
1405256
346288
1457792
1493351
1216449
1356026
1198578
1466204
1359725
1452790
1366696
1430688
1488646
1509537
1462626
1469637
1415196
1463530
1481790
1427828
1431907
1414041
1428129
1470379
1368198
1433776
344942
1461072
343521
1351563
1410386
1413252
1451323
1475035
1298450
343035
1466176
1371010
1398840
1443511
1282470
1301416
1383605
341244
1434052
1291784
1284900
1437738
1310584
1451342
1466121
1280203
1462637
1451508
1244
1462645
1423893
1204709
1379055
1414999
1397232
1368677
1259921
1461252
1284979
1462693
1471325
1435030
34064
1228
1513546
1297985
1443653
1446243
341224
1428364
1303089
1504442
1436570
1300093
1324999
1505746
1300022
1355509
1511713
1250896
1441510
1487331
1403403
1488172
342259
633283
1455531
341210
1203724
1282848
1205713
1512284
1481984
1425146
1352624
1433391
1462043
1299292
1287540
1448795
1297465
1470074
1404730
1384867
1467323
1298151
1457568
1418991
1432927
1482170
902363
1510511
1203426
341858
1455642
1502628
1466119
1218073
1229265
341215
346119
1359675
1480580
1413896
1434279
1486791
1491079
1417411
1457129
1454001
1446753
1310520
344160
1254650
1503829
1299869
345319
1416707
1507428
1479145
1367325
1494860
1301084
1309817
1322292
1456596
1216415
1281466
1517021
1488616
1515202
1503038
1466190
1446134
1455631
1351512
1474261
1298429
1435730
1500539
1279458
1439096
1199751
1308442
1302980
1321973
1445468
1475131
1421977
1469503
1478946
1455594
1328843
1459754
1463524
1499465
1423417
1432808
360101
1385562
1284502
1490212
1437441
1338498
1396246
1499161
1492065
1424022
1415055
1255080
1483129
1261245
1308844
1340449
1338491
1502534
1463565
1301309
1456735
1463521
1398580
1351501
1365306
1396308
1505569
655790
1453899
1369676
1482256
1413255
533668
1458044
1301856
1261446
1439147
1320415
1366642
643290
1469695
1394753
1487196
1343888
1421795
1366179
1370725
1430380
1381898
257579
1300115
1206962
1454203
1506579
1356762
1368974
1432720
1475123
1505864
1445209
1251043
1385972
1433394
1428473
1446250
1462687
1297875
1414027
1471299
1491513
1370159
1461204
1506072
1485072
1492125
1300248
1237938
1486855
1490086
1280047
1494533
1435076
1360197
1385790
1413740
1221892
1280014
1462538
1514412
1297418
1397103
1515512
1505414
1514672
1483125
1355362
1455766
1377154
1498303
1492439
1466232
1459208
1504653
1451356
1340445
1302412
1424333
1239057
1413344
1502343
1366350
1506788
344875
1501472
1490912
1436946
1411266
1411266
1162871
1481974
1284648
1215684
1516421
1488669
1450313
248949
1399923
1375666
1419052
1463548
1470077
1425266
1458594
1492762
1495707
1175316
1355439
1421960
1463698
1355642
1442683
1479543
1335232
1449786
1495452
1512418
1482564
359454
1358945
1507670
1213095
1442993
1486250
1225713
1467317
1233316
1262412
1503837
1398515
1297773
1427875
1455694
1499163
1352653
1481824
1487192
1464434
576044
1256949
1354970
1489709
1444115
1332789
1449034
1369911
1478512
1511503
1511503
1336437
1285455
1374909
1440171
1309427
1482067
1503204
1475189
1488471
1479540
1491194
1515170
1417368
1502014
1414090
1405792
1405599
484143
1436091
1450587
1413493
1450953
1446170
1393532
1487587
1283734
1484973
1364066
1355232
1355232
1457153
1484347
1503414
1302085
1488550
1413958
1460140
1515656
1433097
1413861
1366348
1493738
1466325
246348
1459759
1355195
1211219
1491612
1310330
1413218
1427444
479446
1484958
1423998
78894
1506517
1490355
1299987
1443227
1258212
1488758
572277
1297541
1421105
1432026
1443227
1190705
1457224
1333236
1385825
1229493
1467336
1487818
1298904
1480560
1398252
1418916
1309183
1308593
1448001
336963
543160
1321269
1514521
1499026
1225919
1461897
1466324
1357782
1384376
1470061
1423641
1431973
1297781
1254456
1334509
1395080
1457366
1405794
1284571
1482213
1309869
337182
692972
1353495
1413284
1331904
1504483
1381152
942284
1412974
1352371
1354169
1503393
1416584
1394087
1283927
1290884
1439155
1394434
1283927
1487166
1504427
1503180
1290884
1331655
1487366
867642
1410398
1471301
1495348
1463511
1359153
1481893
1475199
1459694
1502320
1190504
1488608
1447402
1305369
1482357
1489530
1512846
1490210
1419058
1510104
1514811
1325387
1217538
1445731
1511404
1477585
1325387
1442528
1280811
538307
1470241
1458535
1394027
1458459
1212501
1250604
1431937
1464737
1353739
1492301
1297972
1464759
1358114
1482438
1487666
1457914
1508485
1505281
1358405
1442386
1362130
1494226
1362130
1442386
1495157
1488685
1479500
1482438
1358114
1225584
1504629
1495020
1515131
1310451
1482069
1470693
1456198
1514658
1302189
1506311
1479817
1502974
1490684
1513880
1444733
1367022
1455646
1499992
1351757
1385876
1467331
1467937
1405793
1399197
1490406
1322965
1414038
1458665
1488217
1507561
1505057
1217625
1459758
1302004
1502726
1299240
1413712
1461157
1462038
1457165
1309898
1366285
1420224
1513170
1480408
1451399
1423412
1413584
1463535
634224
1422416
1488253
1488253
1470707
1436449
1413914
1488227
1504067
1443473
1299359
1444946
1227534
1417381
1495161
1225762
1371375
1467758
1482248
1437803
1490501
1285096
1335229
1470071
1401196
1510946
1493493
1335853
1511483
1432269
1495091
1491846
1470053
1470053
1491364
1433903
1489910
1511659
1467741
1435352
1336826
1449038
1502165
1361926
1435106
1323749
1335919
1359163
1291018
1491846
519508
1513533
1493359
1468967
1413881
1503855
1310414
1340187
1458838
1331228
1516835
1414010
1491471
1486816
1414010
1516835
1484894
1215543
1504429
1459188
1482134
1501409
1455704
1457130
1486237
1510320
1335683
1466305
1449813
1299085
1516571
1228738
1515697
1432843
1450699
1514522
1353027
1507568
1356115
1492135
1359523
1511667
1516856
1492014
1352380
1508944
1515626
1336792
1510085
1482013
1500079
1480641
1477714
1500501
1413959
1305768
1366952
1485039
346380
1354455
1501562
1442006
1481722
1319147
1471564
345471
1488868
1501426
1413030
1510305
1349961
1494677
1397595
1302102
1182736
1479723
1494677
1454550
1397595
1486880
1490354
1467326
1488222
1246452
1355801
1372103
1455781
1515832
1490398
1337861
1495021
78838
1374030
1365900
1443208
1445242
1435124
1504464
1511304
1492115
1355330
1455780
1463518
1470265
1480248
1488917
1507999
1499402
1490811
1336812
1463551
1452058
1458458
1482318
1512191
1466061
1197843
1499885
577594
1321892
1487289
1512865
1436577
1459775
1435120
1504135
1488862
1394780
1443282
1505250
1506701
1436573
1393548
1488692
1431900
1393548
1443282
1394780
1506701
1469379
1352531
1323871
1331880
1503155
1455715
1250707
1441785
1508190
1513385
1503001
1431732
1502714
1447439
1442174
1413334
1319912
1514382
1454192
1514815
1413391
1488210
1301651
1393884
1482489
1506602
1397132
1413971
1500699
1505872
1519322
1305439
1505383
1242852
1393884
1350609
1216172
1515249
1491649
1322193
1435753
1472867
1364503
1367428
1320634
1499403
1486865
1370294
1225000
1496139
1451362
1518037
1443492
1226760
1496139
1482004
1510762
1254003
1513327
1500082
1500476
1492360
1331199
1505114
1396154
1508663
1490409
1494224
1515304
1429280
1479577
1482095
1480317
1494225
1463552
1455202
1504691
1492291
1467295
1490288
1432957
1481983
1371389
1469023
432225
1503927
1368985
1455691
1497582
1429280
1479577
1501403
1494225
1504691
1467295
1431503
1480317
1502603
1481885
1513064
1469023
1282915
1355981
1480718
1498243
1488874
1505006
1480609
1514737
1511668
1367969
446315
1504314
1216170
1488225
1497582
1503927
1506048
1492495
1261025
1300069
1298491
1495006
1502148
1513650
1434437
1492123
1371741
1464329
1482092
1453251
1503140
1290405
1488951
1516122
1502160
1455765
1367785
1491932
1501160
1500009
1514737
1359157
1467718
1488428
1503140
1342295
1501549
1290405
1482280
1434437
1502148
1488597
1482745
1501160
1448698
1512857
1456486
1428254
1504118
1515026
1505192
1483029
1489722
1510629
1499147
1512809
1513154
1513715
1512635
1482269
1482225
1495284
1511153
1507413
1505267
1495284
1486284
1512809
1513154
1511153
1486114
1499147
1471293
1298161
1377821
1510527
1511696
1383779
1490816
1415181
1501429
1489775
1503340
1495315
1301841
1321820
1502311
1500500
1394121
1493840
1502524
1463792
1452161
1499872
1377821
1495900
1415181
1482060
1492138
1454522
1494984
1515690
1503340
1501429
1500500
1493840
1495315
1488911
1301841
1301828
1302195
1514225
1517211
1488578
1490670
1463738
1379298
1459533
1506385
1487010
1380848
1463819
1500192
1500192
1463819
1495315
1482060
1415181
1492138
1501429
1454522
1494984
1515690
1500500
1321820
1302195
1301828
1301841
1509188
1335714
1501863
1512118
1490789
1480301
1482289
1464736
1484850
1306039
1413048
1464426
1502334
1469508
1482111
1490642
1494335
1496581
1518767
1501877
1499188
1507734
1488990
1460299
1505251
1509468
1337024
1482112
1502164
1405833
1226430
1298569
1516401
854630
540290
1501528
1457215
1440530
1503474
1502006
1262166
1513745
1491848
1501404
1398553
1500899
1429519
1358924
1480581
1356583
1504120
1389412
1371006
1299926
1413377
1505971
1512707
1432658
1484931
1434319
1482283
1491181
1490891
603711
1353959
1449620
1502594
1419880
1356586
1423885
1474364
1495891
1517624
1449620
1353959
1506095
1423885
1514301
1479168
1505721
1511216
1482430
1503614
1132570
1489770
764901
1457245
1400514
1484995
1465329
1377160
1460963
1505252
1506359
1493317
1502294
1492428
1487234
1459909
1228974
1355999
1495365
1490356
1400514
1495365
1443280
1479634
1471323
1459909
1518454
1499619
1493317
1355999
1502294
1435025
1506095
1500511
1514302
1387642
1513065
1452878
1490270
1482772
1482354
1457245
764901
1251453
1355835
1442568
1491155
1499520
1463555
1444950
1482772
1482354
1413816
1413459
1499520
1320622
1471311
1491579
1332837
1510362
1509555
1489552
1499259
1448760
1500732
1356609
1488618
1290411
1320197
1453847
1487194
1506406
1518248
1502000
1426320
1509059
1481872
1375325
1433900
1505445
1464340
1482364
1492371
1510059
1499875
1471320
1514874
1501807
1472296
1509606
1436190
1320197
1488618
1518248
1506406
1487194
1332837
1356609
1502000
1383702
1505274
1433894
249890
1464408
1450840
1363483
1426320
1481872
1433900
1375325
1463566
1398357
1489546
1489266
1203963
1492615
1300550
1511246
1442692
1512630
1324740
1489014
1487547
1467310
1489882
1449550
1503986
1485454
1507398
1500080
1217753
1435118
1408535
1261012
1504809
1379085
1219410
1514519
1506268
1499180
1514519
1481867
1490296
1505852
1492615
1442692
1511246
1471305
1418820
1417025
1508572
1505303
1508313
1507115
1508137
1508677
1435623
1494159
1485046
1492220
1404215
1503226
1502091
1441217
1374576
1469516
1506402
1484998
1454107
1482310
1509561
1508664
1509092
1495174
1402189
1506674
1485070
1363484
1492756
1501952
1503056
1476040
1501480
1494265
889891
1490373
1405013
1450842
1503761
1506974
1447556
1358707
1502961
1449741
1358025
1482436
1502044
439375
1363026
1495468
1325367
1495902
887689
1503336
1422050
1490534
1482033
1321796
1437726
1506458
1401804
1482193
1482140
1490113
1505975
1490385
1516837
1482080
1516440
1504381
1510230
1516763
1505975
1490385
1490252
1482127
1503213
1517402
1517137
1207684
1482250
918253
1515254
1513504
1503752
1496010
1499007
1511273
1515023
1513524
1431023
1510771
1512021
1516536
1515037
1504787
1492284
1513033
1510550
1510796
1509549
1488549
1511273
1513524
1515023
1431023
1510771
1512021
1482274
1492284
1508532
1499033
1495033
1513033
1501542
1515789
1509039
1482043
1206567
1227748
1207684
1482384
1500048
1456502
1425252
1482250
1492060
1501560
1509549
1488549
1510550
1492051
1492778
1510778
1516536
1515789
1509039
1515037
1504787
1492265
1492009
1499033
1495033
1513033
1492284
1508532
1511273
1515023
1482274
1513524
1431023
1488549
1510550
1492051
1489557
1515303
1492306
1515341
1490342
1505090
445591
1495133
1512323
1510074
1510324
1516577
1512073
1506832
1503833
1509081
1512833
1513584
1515082
1512334
1490374
1510657
1515903
1493704
1502704
1510703
1512204
1458955
1513239
1503737
1502737
1504417
1504670
1480439
1506192
1494444
1491219
1493718
1506971
1497971
1509539
1481830
1500642
1516640
1491891
1510641
1506145
1484893
1502643
1514915
1511916
1515915
1493707
1495211
1501710
1503992
1515743
1324993
1513244
1505244
1491067
1383613
1501871
1504622
1490683
1495432
1515184
1506182
1513627
1516377
1504417
1511916
1493707
1501710
1495211
1512982
342732
1513814
1505328
1516577
1367328
1510324
1510074
1383613
1502362
1502363
1506608
1502110
1515609
1490609
1385859
1506145
1502643
1456896
1484893
1515925
1513427
1506424
1490679
1506182
1495432
1515903
1506151
1434652
1501400
1495197
1514447
1464947
1515743
1324993
1513244
1505244
1509539
1488894
1504417
1515148
1510657
1504670
1506971
1497971
1505977
1493728
1492474
1495474
1516475
1494476
1507976
1516701
1482001
871091
1458948
1482125
1432810
1456823
1509609
1507869
1502110
1481117
1510367
1496650
1504400
1434652
1506151
1501400
1437944
1514447
1464947
1495197
1493699
1494701
1482202
1495133
1491884
1506412
1505977
1493728
1377229
1494476
1514718
1472425
1505231
1498954
1469372
1464349
1432401
1482340
1482001
1481788
871091
1366938
1421943
1504386
1432810
1456823
1510159
1441607
1190492
1509609
1501680
1489759
1482397
1511680
1517412
1430977
1429308
1517967
1463796
1446845
1443036
1507374
1429987
1483083
1492533
1509123
1481866
1458948
1482125
1378356
1503139
1514509
1493140
1517315
1299241
1388734
1498997
1492029
1490315
1509915
1510627
1482371
1517796
1474519
1282442
1506806
1241785
1504444
1503036
1513711
1490658
1471298
1518201
1493145
1518428
1482423
1401649
1495731
1518586
1492162
1518569
1502642
1506076
1497970
1488566
1499205
1492192
1431154
1492015
1518864
1496981
1511094
1518856
1455768
1492779
1518646
1515859
1513617
1518663
1518861
1499196
1513563
1516895
1510388
1398163
1511906
1488859
1516749
1514183
1510177
1463579
1514679
1511921
1511714
1494681
1507754
1516488
1489268
808547
1511832
1510330
1483780
1508330
1494971
1509165
1509106
1515842
1518056
1513663
1516350
1492029
1490315
1509915
1388734
1299241
1515678
1282442
1241785
1516696
1518201
1493145
1463571
1495285
1482368
1490658
1484967
1513493
1463531
1510883
1518520
1492162
1518569
1490302
1498253
1518112
1401649
1502642
1482160
1518103
1514857
1518857
1516315
1491167
1502931
1506994
1514549
1518203
1518962
1494657
1323852
1388261
1400547
1507617
1505126
1501474
1319372
1505952
1421790
1515842
1518056
1513663
1516350
1513269
1510891
1510594
1508196
1508201
1518864
1496981
1515859
1502333
1482131
1459721
1495574
1499723
1499225
1482461
1334390
1163073
1319944
1485456
1470843
1482463
1504873
1508197
1457896
1507530
1436648
1505372
1503843
1494882
1488907
1440602
1482102
1505834
1491690
1324533
1478588
849271
1445211
1495177
1503150
1495681
1501492
1501694
1502024
1305978
1491235
1484925
1484987
1504076
1502420
1464738
1485489
1494782
1492790
1510716
1396010
1492459
1507731
1509070
1456843
1518962
1516315
1506994
1494657
1502931
1514549
1518861
1518864
1334390
1495574
1163073
1375255
1484978
1508717
1492116
1488464
1503572
1495272
1460284
1505268
1505952
1421790
1491690
849271
1445211
1495177
1482065
1496009
1498333
1306437
1403570
1499186
1305300
1482422
1323891
1449387
1510805
1497856
1502670
1486905
1457240
1321294
1482480
1500074
1508542
1503563
1388193
1490610
1500238
1469529
1490447
1328625
1484831
1495121
1466237
1383071
1509563
1490477
1482343
1433370
846402
1501933
1178400
1495459
1494794
1503426
549260
1492281
1436648
1505372
1470843
1482463
1504873
1482131
1459721
1495574
1482461
1334390
1485456
1457240
1508197
1500730
1484960
1499237
1494423
1460902
1469529
1500074
1321294
1498252
1508542
1388193
1490447
1482480
1503563
1495121
1466237
1383071
1502420
1464738
1485489
1492459
1507731
1449387
1305300
1482422
1486905
1305978
1491235
1416706
1495224
1324909
1506844
1501694
1482131
1459721
1470843
1482463
1504873
1457896
1507530
1436648
1505372
1334390
1484936
1498050
1494230
1503195
1490687
1500646
1506979
1459670
1485069
1511795
1484907
1471295
1330190
1502333
1502024
1494882
1488907
1440602
1482102
1484925
1499723
1499225
1319944
857520
1482020
1482270
1485020
1498270
1482271
1492020
1501523
1510273
1482017
1513518
