1328895
1309250
1376729
1432500
1439164
1458940
1500903
1442365
1320785
1433654
1413066
1426009
1366363
1516882
1463572
1431946
1398529
1387181
1470659
1198835
1457152
1356108
1435155
1505283
1515688
1370495
1197614
1229055
1484755
1309995
1466102
1509541
1506694
1455304
1229786
1504380
1418965
1320333
1432926
1443659
1519199
1514835
1518001
1517249
1516627
1443556
1321140
1504390
1216282
1504404
1481835
1517202
1516468
1518162
1371577
1463567
1216395
1519062
1437473
1519144
1502819
1482320
1518531
1509095
1278163
1467287
1511811
1519157
1470475
1518911
1482057
1516884
1516810
1517999
1488072
1504061
1518773
1460539
1511337
1469189
1518222
1493146
1517825
1518167
1518095
1518607
1205515
1519078
1485013
1460494
1485013
1240014
1515250
1515921
1516188
1517056
1517537
1503901
1481852
1518593
1482180
1518164
1518440
1517417
1518589
1518867
1519234
1495469
1517824
1431024
1519291
1519326
1519550
1516839
1516828
1509820
1519409
1519195
1516251
1516725
1519195
1519326
1516259
1517680
1519824
618470
1516245
1515876
1482139
1516886
1514799
1518034
1518879
1519044
1515241
1500580
1517835
1428243
1464317
1489025
1518524
1518151
1516832
1516826
1516244
1519295
1482401
1516252
1516250
1515897
1519352
1516755
1516830
1519476
1519180
1519385
1517264
1519783
1482129
1481951
1403345
1463520
1515302
1491883
1516253
1518025
1517126
1517756
1517540
1517238
826311
1517224
1519051
1515815
1517585
1518779
1516788
1514205
1518244
1518777
1517540
1517756
1517126
1517238
1518425
1518701
1518735
1514792
1440761
1486240
1518724
1463816
1519332
1516829
1516258
1488704
1516429
1516887
1519566
1515882
1516241
1515928
1517946
1505324
1515899
1486902
1503490
1519495
1458956
1519781
1492419
1506418
1506326
1512701
1515088
1480288
1516782
1515824
1517682
1518230
1518075
1482040
1516558
1518229
1518033
1517199
1518937
1504872
1519110
1518238
1516288
1517250
1519536
1516590
1516257
1486836
1519344
1519264
1516885
1519561
1516257
1519264
1519561
1519139
1517263
1516243
1486836
1516885
1509422
1518192
1483032
1512189
1519832
1516841
1504973
1515260
1515222
1515043
1506964
1518513
1482163
1321972
1516860
1516831
1482361
1505241
1518029
1518690
1519268
1518513
1518071
1519268
1516860
1321972
1516831
1518029
1514946
1515891
1509477
1482195
1482021
1419175
1519488
1516256
1519553
1516240
1519284
1519015
1516827
1519147
1516194
1517631
1517440
1515817
1516785
1518508
1431564
1463517
1520057
1519849
1366168
302325
1175253
1197614
1048268
1366941
344682
248170
1481984
1417305
343203
1298367
1445662
5075
1425146
1362899
1352624
1299178
1455707
330357
1292382
1433391
553231
1377313
225980
1336183
78115
632280
330
246377
1300936
1462043
1215201
580298
1300821
247535
42964
1357841
1299292
1239627
346178
262
1287540
1414385
1217236
1396431
416
1228869
1368675
346272
236520
1480701
1448795
1225632
1297465
1319
1470074
1286116
1297973
1215605
1215605
1376751
78043
1367251
1404730
1633
1439146
1229055
1357145
990
1250716
357802
69656
343471
1212512
1208282
1374364
341178
7734
1427430
1298049
1206605
1384867
1467323
353422
899
3103
78405
1449158
1422538
1203084
158
1298151
649
1385951
1258394
248006
246267
1482385
1430629
1198925
1484755
1233150
1403617
1210778
345875
246390
1277950
1457568
1387874
1229845
1418991
1432927
343355
1190122
65
1309995
249033
247295
1414879
1519740
1369917
1337700
1442177
341955
327221
1482170
1466102
902363
1203
338414
79203
1203439
1336601
672130
1299144
342166
790
11237
78429
78379
1510511
6823
1218141
1384453
1349375
341139
246234
182
1203426
577564
349183
1444523
359377
341858
123
522013
246012
246264
246024
246210
1455642
1220
1198177
1229534
485708
1433928
248461
246336
588362
6154
247186
1204720
1206207
311601
1502628
1356063
1441412
246505
1475162
1438600
1466119
1210974
1325640
1218073
282716
78003
1218142
174
1203207
78602
1229265
1243361
46818
286659
78261
1290570
28271
248699
1205
248904
1332663
249898
1225754
342903
341215
78515
248918
346119
247737
514
808933
754
1359675
228866
1211269
248700
1480580
345808
1413896
1434279
346134
246594
1486791
489894
1297466
248970
13633
1491079
341289
1427538
472
331858
78592
458721
2690
1292
1417411
1208748
246127
246127
78684
1331205
78625
1282401
338463
1294274
1394637
345011
1298265
1328765
1453058
1456990
1229875
1355569
345276
28
343473
248997
1346626
338391
1430634
1285581
4270
1457129
1519279
1359285
1454001
1321671
1446753
1170264
1310520
246199
344160
246065
614
1299955
1228793
1202
442
428
1254650
1226057
410629
1503829
1281095
1365825
334590
1167561
1206875
1299869
1217513
79202
345319
1219454
1416707
1507428
341737
2075
6342
1132991
293
1167831
232
1350281
285
1216053
246966
1479145
341628
1514015
1244901
1382890
1221613
1367325
61149
1263216
14296
1494860
1509541
1500530
338384
1228788
18468
1301084
16895
1197558
1222234
246807
1394393
1201
676
341189
248944
1247
79232
70042
1489326
1309817
47
1322292
343945
1176763
337625
938
1488971
266
1331230
1456596
344073
247730
1216415
78929
25348
271
29988
1466295
1961
1198178
1217123
723
1302992
1300076
1198214
1279731
78439
230607
1281466
1420
345036
245874
1517021
1304
300617
1469267
345075
1468274
343720
1211538
433026
29657
1208084
334620
1202638
17841
1339160
248585
1488616
247875
5880
1431193
4055
1965
248213
1300668
284
22981
341138
1515202
1503038
278
94
1402567
429
78226
1511689
894008
346331
1212492
1455817
1466190
35737
114
1251281
1384855
1446134
1250700
502
1489873
246388
247784
1455631
1216383
1385736
1351512
1501846
1278409
592
240297
1474261
1298429
1276254
1335230
50
71946
341195
1433792
246333
336868
15685
1500677
1435730
1500539
1300298
1174518
1329132
342067
1048
76365
1506694
1217402
1279458
1251955
247713
52550
1439096
78059
1211014
1199751
344258
1357206
11536
78054
247566
343873
521
78051
149
78786
1229799
343049
1236599
341535
246019
122704
1207959
1308442
1238846
78589
215882
1278598
1302980
257714
1226046
15694
1321973
1455304
2355
78099
1145428
364
78888
1229786
1285380
1203437
1382936
40369
13645
344649
78336
1502960
1397751
513575
1302835
528375
1503166
1445468
27561
246124
248940
248940
1355918
1475131
1360088
1421977
247294
1457972
78835
345216
1301949
771
246363
456826
1417984
1207254
37150
1194412
9025
249013
1227611
245980
78488
229134
585
1490532
789
6641
409801
1432916
1217041
471
49216
1469503
349452
1418965
1038
18372
25422
1504380
1218595
1517820
1240838
1201699
335
1515102
1478946
341152
1357865
1205508
1455
880237
1290
1455594
4435
344248
1358119
1328843
1310222
1302201
78540
1459754
341284
1463524
78540
342176
1492590
15
248566
1499465
35949
1300296
1324487
1215599
1239844
1258063
410612
1250
213138
226344
341749
597537
78607
345023
396
1336701
443387
1197417
247731
78909
1236263
13824
917
1423417
1300146
78536
995
75090
1395420
1337006
524
338365
1285582
49
1393881
1413405
1298876
1364137
1283276
461076
345106
257594
1320333
246581
1221
5357
13376
30799
248608
1197498
38286
248933
1501763
1298349
343012
78425
344328
1432808
1375543
1516739
1331540
1249366
345991
78826
78910
341204
1217443
1244875
360101
6975
1512792
1385562
78480
340842
78331
1284502
1490212
1323
1432926
246078
1225557
1437441
246078
405
249894
340946
1398813
1309249
341173
525889
992
989
482112
1212559
1396246
1338498
489338
312974
346297
1499161
1480522
78637
78792
1165777
1492065
1382900
8166
1216446
870
78478
1375
625
1375
1456737
780
78153
19273
1424022
1199011
342598
2640
1415055
1228771
1355662
346103
1490959
503342
1207237
1255080
968
78619
1483129
1356218
247259
646
1261245
1291138
247822
14583
1001
51464
1412992
1287590
51464
246970
334722
10545
1491863
345064
430
1228776
1308844
343270
670240
488
1428033
1464388
672279
2039
1308364
1207337
345810
1340449
78421
277518
78997
338451
67517
1338491
78563
346740
12032
346740
599
1250690
3787
1366118
15474
78464
42903
1230
1502534
1298050
15645
78068
341213
78525
1463565
1514016
1514005
562191
946
15396
1299073
1259816
1211727
16032
1226772
7862
341502
1506253
338380
644174
1212303
1211345
1222078
1435147
1452520
343905
1048263
209
1478263
2524
1303
1301309
1463521
78613
1456735
1208942
126981
1223
8555
496952
1200984
1331267
5653
338443
1242151
1207373
345862
2385
333669
1242510
50296
1285891
1206710
1398580
338346
30932
247839
246177
8562
219
338412
1217125
1351501
18843
1365306
1396308
346189
1318977
1257417
1455259
1325487
1319818
1505569
1188324
1198179
17099
162
533611
5629
655790
162
1245245
78179
248677
1013543
345006
14578
1500753
78140
1453899
1355429
837
344422
496435
18619
246357
1369676
1303049
342901
343526
698
3740
1393854
1218727
1502838
1288063
341220
1136547
343208
341220
248616
1482256
346096
1370418
304
2972
78207
1476225
1491059
528501
26254
338349
1204714
6266
1413255
61
533668
246596
1451739
1294558
334745
407
3520
1342846
248351
1458044
1163219
257609
1301856
7874
1359726
1261446
831
1439147
1396171
38064
247185
1331256
733
1259823
1597
493
1225503
287567
1443659
1238862
35659
341516
1207687
1325525
346629
5809
257403
246951
1514018
1203554
4587
785
1258163
1514018
4587
60041
1183619
3667
238064
15480
1298952
727
1301816
77
35830
1418942
213308
7707
669
344902
247373
1378057
1372606
30069
247899
247658
1366642
6289
643290
248812
248680
20568
1249
643290
248680
78395
246222
474310
78915
71870
5417
451
53760
1469695
1467434
248835
414997
227862
1200978
481754
78199
874
1198194
1142003
9426
78618
1403540
1310437
72604
1491083
78356
1203575
1394753
1514316
1491440
5858
1045
637244
222592
78045
1464173
78328
1200654
1230199
1242431
1218253
1321938
227710
215228
1229768
180
1385822
1487196
362780
246369
230473
338351
1343888
246437
70976
78487
7429
1353220
7429
78487
1210950
237
434
1298561
257739
1258670
1199007
1366179
346008
1207271
120028
1370725
341221
18109
1216365
828
275462
248123
1430380
78857
1466094
37749
60121
1487078
208033
78490
1199124
338493
645793
399
9404
33416
1263235
341120
672175
344898
1299263
4867
35834
2179
78091
128
553408
1381898
257579
1214719
342146
45603
51899
401
345755
59653
337621
1225578
1227956
22772
7290
7290
1300115
11003
1516918
2796
1302188
1206962
1461255
546376
685
444598
342791
1279
8080
1430577
175
900979
228628
246261
1301444
1666
1454203
76392
1208
308316
1490020
1501173
249875
1217650
4074
1501173
4074
1208
1299176
1356762
78392
341604
1371295
122645
78116
344183
1204622
782
115149
1240159
611785
221206
60792
1468266
78135
1547
20597
342858
246510
6657
1167673
78171
1368974
1475123
207
6657
1505864
337443
78702
719872
907
1490044
1190351
1277751
1303100
1445209
1229308
78674
15568
341375
212
1219776
1229702
1394172
1251043
246001
78606
1416616
105
1219837
507792
345419
1487896
1198674
28479
78617
248935
1261678
1362966
1385972
1433394
1575
1227766
1428473
35828
1446250
605
1225363
246022
1281416
1489992
38080
1423154
27
1370283
862700
4430
342345
1302114
78277
1462687
1038159
247948
1302235
1254277
1475148
1245
14652
2124
637
247723
670
78414
1297875
346511
1217563
1309327
18788
1199621
450151
1203120
33933
257563
35829
1229843
58434
13219
1377834
248639
246912
248649
1462629
368228
1251132
1414027
1471299
78538
905
42961
46886
1491513
1254497
1200265
35832
1370159
1247272
1451936
13205
1431670
78321
1382316
1461204
346625
1288277
1506072
8799
1449681
78077
1336409
590
13664
1198977
7431
346650
230325
2569
1284164
60448
53
4739
1336027
1519199
1324558
1322799
1170241
341515
1242130
1485072
1198813
1239976
220
247083
247725
1229697
1354374
1216044
20131
1241385
1492125
1212472
341569
24520
15755
1132316
3453
1212472
341569
20131
3453
1492125
1354374
1216044
1424315
263
1246998
1486855
78196
1237938
1284955
246093
1297927
1300248
13017
1226763
205794
1321647
14783
834
1300764
1205939
1243792
1203673
1393514
26885
1280047
1393514
293426
26885
1280047
1466131
1439125
1490086
17
1156890
1297980
1225
1494533
1416590
238579
78290
1413830
438450
1383416
1515448
1279988
632158
22
11305
1170287
247301
1208301
1371
786
222738
246575
1514835
18318
965
1461557
78449
67163
78861
324
1324722
78263
1284682
1435076
961
33776
596
345257
1518897
1228844
17092
1386676
1284152
78435
1250686
44144
277
1360197
1441
343930
1385790
544
246307
661
1440003
1297995
1292157
1328693
67
1413740
1470837
1394321
345420
35831
21853
2641
1214683
187
15472
1354747
1221892
13718
1199749
472683
68022
1321268
672114
192
1208122
346637
24606
247524
1207188
358750
1280014
1462538
569718
78203
1216194
246188
1319075
1209269
1223923
1302480
1514412
249141
224
246582
1309268
3532
1505612
1518001
1485610
7642
1239
248907
1174211
246316
1384293
1332432
1988
648
246316
1239544
1240397
248460
246366
1499852
1470984
247220
1457123
1215114
354047
1514003
5482
882
2607
2207
41307
1455737
78427
246897
246922
607
1197732
1206836
25794
341624
6593
249014
246088
74419
334891
1289118
248555
1374034
1218190
1297418
334592
1429228
249005
16602
1458510
1489333
1444751
1363244
29649
1298907
248896
360320
1360592
235914
1215408
1196180
1482520
5782
48
512
599375
368021
28816
248075
1438931
1397103
78097
29192
221
1515512
555364
1250950
124134
1505414
342362
1514672
68213
121458
1213262
1377169
341603
1298556
35835
331776
424
246375
204365
986
1203134
1443567
419
1462628
246313
7635
1432343
7635
246313
631586
1218437
30070
672331
309925
1500600
342892
288555
1300746
1501034
1364899
2040
1285808
27590
556588
1355362
296020
1215305
1300021
342183
249028
591162
1368
1482402
1455766
78723
248162
1215305
1482402
345963
79088
1412998
346641
346224
342062
78312
1377154
601967
11473
7510
327079
248916
8
245997
344644
312578
60039
345972
82
225873
635303
1492439
246652
346559
1482333
1498303
1435019
13393
635303
225873
1203965
246652
8
60039
1482333
1459772
838
21442
78222
1230685
1293856
1321
1427947
236750
1453486
1466232
1216248
248260
13764
1459208
1197753
344837
1298314
24681
447
1397810
26934
1450064
647
246016
1214749
3035
1504653
1451356
1300265
15533
248169
341655
14360
1340445
546247
217072
78519
78112
345655
78361
1516033
1291
118623
1403538
1204774
248418
338385
212763
906
1212263
346565
346565
6714
1350224
84
352520
246015
1378789
1290256
644393
247086
52
1283744
25777
67218
1302412
635
1208123
247560
1203109
784
346308
78332
227575
503031
1424333
1500636
255703
14232
10556
1413344
